10
   0.00000    1.00000    2.00000    3.00000    4.00000    5.00000    6.00000    7.00000    8.00000    9.00000
v     = 25769804784
&v[0] = 25769804784
(v+2) = 25769804800
&v[2] = 25769804800
*v       =    0.00000
v[0]     =    0.00000
*(v+2)   =    2.00000
v[2]     =    2.00000
(v+2)[3] =    5.00000
*(v+2+3) =    5.00000
10 10
   0.00000    1.00000    2.00000    3.00000    4.00000    5.00000    6.00000    7.00000    8.00000    9.00000
 100.00000  101.00000  102.00000  103.00000  104.00000  105.00000  106.00000  107.00000  108.00000  109.00000
 200.00000  201.00000  202.00000  203.00000  204.00000  205.00000  206.00000  207.00000  208.00000  209.00000
 300.00000  301.00000  302.00000  303.00000  304.00000  305.00000  306.00000  307.00000  308.00000  309.00000
 400.00000  401.00000  402.00000  403.00000  404.00000  405.00000  406.00000  407.00000  408.00000  409.00000
 500.00000  501.00000  502.00000  503.00000  504.00000  505.00000  506.00000  507.00000  508.00000  509.00000
 600.00000  601.00000  602.00000  603.00000  604.00000  605.00000  606.00000  607.00000  608.00000  609.00000
 700.00000  701.00000  702.00000  703.00000  704.00000  705.00000  706.00000  707.00000  708.00000  709.00000
 800.00000  801.00000  802.00000  803.00000  804.00000  805.00000  806.00000  807.00000  808.00000  809.00000
 900.00000  901.00000  902.00000  903.00000  904.00000  905.00000  906.00000  907.00000  908.00000  909.00000
m        = 25769804784
&m[0]    = 25769804784
m[0]     = 25770100704
&m[0][0] = 25770100704
m[2]     = 25770100864
&m[2][0] = 25770100864
m+2      = 25769804800
&m[2]    = 25769804800
(*(m+2))[3] =  203.00000
*(*(m+2)+3) =  203.00000
m[2][3]     =  203.00000
*(m+2)[3]   =  500.00000
*((m+2)[3]) =  500.00000
*(m[5])     =  500.00000
m[5][0]     =  500.00000
