Matrix A:
4 3
   1.00000    2.00000    3.00000
   6.00000    4.00000    5.00000
   8.00000    9.00000    7.00000
  10.00000   11.00000   12.00000
Result of SVD U:
4 3
  -0.13801   -0.61647   -0.05283
  -0.34037    0.37028    0.81421
  -0.54626    0.53543   -0.57516
  -0.75280   -0.44293    0.05891
Result of SVD S:
3
  25.34681    2.14879    1.70929
Result of SVD Vt:
3 3
  -0.55543   -0.58526   -0.59074
   0.67915    0.09067   -0.72838
   0.47986   -0.80576    0.34712
Reconstruction of the original matrix A:
4 3
   1.00000    2.00000    3.00000
   6.00000    4.00000    5.00000
   8.00000    9.00000    7.00000
  10.00000   11.00000   12.00000
Rank (r-1) approximation of A:
4 3
   1.04333    1.92724    3.03134
   5.33218    5.12139    4.51691
   8.47175    8.20785    7.34126
   9.95168   11.08113   11.96505