Matrix A:
5 5
   1.00000    1.00000    1.00000    1.00000    1.00000
   1.00000    2.00000    3.00000    4.00000    5.00000
   1.00000    4.00000    9.00000   16.00000   25.00000
   1.00000    8.00000   27.00000   64.00000  125.00000
   1.00000   16.00000   81.00000  256.00000  625.00000
Result of LU decomposition:
5 5
   1.00000    1.00000    1.00000    1.00000    1.00000
   1.00000    4.00000    0.50000    0.75000    0.25000
   1.00000   24.00000   -4.00000    0.75000    0.75000
   1.00000  124.00000  -36.00000   -3.00000   -1.00000
   1.00000  624.00000 -232.00000  -39.00000   -6.00000
Pivot for LU decomposition:
5
1 5 3 4 5
determinant is 288.000000
