   0.100000000000000  100.000000000000000
   0.200000000000000  102.000000000000000
   0.300000000000000  104.040000000000020
   0.400000000000000  106.120800000000017
   0.500000000000000  108.243216000000004
   0.600000000000000  110.408080319999982
   0.700000000000000  112.616241926399979
   0.800000000000000  114.868566764927991
   0.900000000000000  117.165938100226555
   1.000000000000000  119.509256862231084
   1.100000000000000  121.899441999475712
   1.200000000000000  124.337430839465242
   1.300000000000000  126.824179456254555
   1.400000000000000  129.360663045379624
   1.500000000000000  131.947876306287213
   1.600000000000000  134.586833832412964
   1.700000000000000  137.278570509061211
   1.800000000000000  140.024141919242453
   1.900000000000001  142.824624757627276
   2.000000000000000  145.681117252779813
   2.100000000000001  148.594739597835428
   2.200000000000001  151.566634389792114
   2.300000000000001  154.597967077587953
   2.400000000000001  157.689926419139709
   2.500000000000001  160.843724947522475
   2.600000000000001  164.060599446472963
   2.700000000000001  167.341811435402406
   2.800000000000001  170.688647664110448
   2.900000000000001  174.102420617392653
   3.000000000000001  177.584469029740518
   3.100000000000001  181.136158410335270
   3.200000000000002  184.758881578542002
   3.300000000000002  188.454059210112803
   3.400000000000002  192.223140394315067
   3.500000000000002  196.067603202201411
   3.600000000000002  199.988955266245426
   3.700000000000002  203.988734371570331
   3.800000000000002  208.068509059001713
   3.900000000000002  212.229879240181731
   4.000000000000002  216.474476824985345
   4.100000000000001  220.803966361485067
   4.200000000000001  225.220045688714777
   4.300000000000001  229.724446602489110
   4.400000000000000  234.318935534538866
   4.500000000000000  239.005314245229613
   4.600000000000000  243.785420530134218
   4.699999999999999  248.661128940736859
   4.799999999999999  253.634351519551615
   4.899999999999999  258.707038549942638
   4.999999999999998  263.881179320941442
   5.099999999999998  269.158802907360325
   5.199999999999998  274.541978965507553
   5.299999999999997  280.032818544817701
   5.399999999999997  285.633474915714032
   5.499999999999996  291.346144414028288
   5.599999999999996  297.173067302308823
   5.699999999999996  303.116528648354972
   5.799999999999995  309.178859221322114
   5.899999999999995  315.362436405748554
   5.999999999999995  321.669685133863595
   6.099999999999994  328.103078836540874
   6.199999999999994  334.665140413271672
   6.299999999999994  341.358443221537129
   6.399999999999993  348.185612085967875
   6.499999999999993  355.149324327687168
   6.599999999999993  362.252310814240900
   6.699999999999992  369.497357030525791
   6.799999999999992  376.887304171136293
   6.899999999999991  384.425050254558982
   6.999999999999991  392.113551259650137
   7.099999999999991  399.955822284843180
   7.199999999999990  407.954938730540107
   7.299999999999990  416.114037505150861
   7.399999999999990  424.436318255253866
   7.499999999999989  432.925044620358904
   7.599999999999989  441.583545512766079
   7.699999999999989  450.415216423021377
   7.799999999999988  459.423520751481874
   7.899999999999988  468.611991166511530
   7.999999999999988  477.984230989841819
   8.099999999999987  487.543915609638589
   8.199999999999987  497.294793921831399
   8.299999999999986  507.240689800268001
   8.399999999999986  517.385503596273338
   8.499999999999986  527.733213668198800
   8.599999999999985  538.287877941562670
   8.699999999999985  549.053635500393966
   8.799999999999985  560.034708210401845
   8.899999999999984  571.235402374609862
   8.999999999999984  582.660110422101980
   9.099999999999984  594.313312630544033
   9.199999999999983  606.199578883154913
   9.299999999999983  618.323570460818019
   9.399999999999983  630.690041870034293
   9.499999999999982  643.303842707435024
   9.599999999999982  656.169919561583583
   9.699999999999982  669.293317952815414
   9.799999999999981  682.679184311871609
   9.899999999999981  696.332767998109034
   9.999999999999980  710.259423358070990
  10.099999999999980  724.464611825232396
  10.199999999999980  738.953904061737148
  10.299999999999979  753.732982142971878
  10.399999999999979  768.807641785831265
  10.499999999999979  784.183794621547804
  10.599999999999978  799.867470513978787
  10.699999999999978  815.864819924258427
  10.799999999999978  832.182116322743695
  10.899999999999977  848.825758649198406
  10.999999999999977  865.802273822182428
  11.099999999999977  883.118319298626034
  11.199999999999976  900.780685684598666
  11.299999999999976  918.796299398290557
  11.399999999999975  937.172225386256287
  11.499999999999975  955.915669893981544
  11.599999999999975  975.033983291861205
  11.699999999999974  994.534662957698401
  11.799999999999974 1014.425356216852379
  11.899999999999974 1034.713863341189608
  11.999999999999973 1055.408140608013355
  12.099999999999973 1076.516303420173472
  12.199999999999973 1098.046629488576855
  12.299999999999972 1120.007562078348201
  12.399999999999972 1142.407713319915274
  12.499999999999972 1165.255867586313798
  12.599999999999971 1188.560984938040065
  12.699999999999971 1212.332204636800725
  12.799999999999971 1236.578848729536730
  12.899999999999970 1261.310425704127510
  12.999999999999970 1286.536634218210111
  13.099999999999969 1312.267366902574395
  13.199999999999969 1338.512714240625883
  13.299999999999969 1365.282968525438037
  13.399999999999968 1392.588627895946956
  13.499999999999968 1420.440400453865777
  13.599999999999968 1448.849208462943352
  13.699999999999967 1477.826192632202037
  13.799999999999967 1507.382716484846242
  13.899999999999967 1537.530370814542948
  13.999999999999966 1568.280978230833853
  14.099999999999966 1599.646597795450361
  14.199999999999966 1631.639529751359532
  14.299999999999965 1664.272320346386778
  14.399999999999965 1697.557766753314581
  14.499999999999964 1731.508922088380814
  14.599999999999964 1766.139100530148426
  14.699999999999964 1801.461882540751276
  14.799999999999963 1837.491120191566324
  14.899999999999963 1874.240942595397655
  14.999999999999963 1911.725761447305558
  15.099999999999962 1949.960276676251851
  15.199999999999962 1988.959482209776979
  15.299999999999962 2028.738671853972846
  15.399999999999961 2069.313445291052176
  15.499999999999961 2110.699714196873174
  15.599999999999961 2152.913708480810783
  15.699999999999960 2195.971982650426526
  15.799999999999960 2239.891422303435320
  15.899999999999959 2284.689250749504026
  15.999999999999959 2330.383035764494252
  16.099999999999959 2376.990696479784219
  16.199999999999960 2424.530510409379986
  16.299999999999962 2473.021120617567703
  16.399999999999963 2522.481543029919521
  16.499999999999964 2572.931173890518039
  16.599999999999966 2624.389797368328345
  16.699999999999967 2676.877593315695322
  16.799999999999969 2730.415145182009383
  16.899999999999970 2785.023448085649306
  16.999999999999972 2840.723917047362193
  17.099999999999973 2897.538395388308800
  17.199999999999974 2955.489163296074821
  17.299999999999976 3014.598946561995945
  17.399999999999977 3074.890925493235954
  17.499999999999979 3136.388744003100328
  17.599999999999980 3199.116518883162371
  17.699999999999982 3263.098849260825773
  17.799999999999983 3328.360826246042052
  17.899999999999984 3394.928042770963202
  17.999999999999986 3462.826603626382621
  18.099999999999987 3532.083135698910610
  18.199999999999989 3602.724798412888958
  18.299999999999990 3674.779294381146883
  18.399999999999991 3748.274880268770175
  18.499999999999993 3823.240377874145452
  18.599999999999994 3899.705185431628706
  18.699999999999996 3977.699289140262408
  18.799999999999997 4057.253274923067238
  18.899999999999999 4138.398340421527791
  19.000000000000000 4221.166307229958875
  19.100000000000001 4305.589633374557707
  19.200000000000003 4391.701426042049206
  19.300000000000004 4479.535454562890664
  19.400000000000006 4569.126163654147604
  19.500000000000007 4660.508686927230883
  19.600000000000009 4753.718860665774628
  19.700000000000010 4848.793237879090157
  19.800000000000011 4945.769102636672869
  19.900000000000013 5044.684484689407327
  20.000000000000014 5145.578174383193982
  20.100000000000016 5248.489737870858335
  20.200000000000017 5353.459532628274246
  20.300000000000018 5460.528723280839586
  20.400000000000020 5569.739297746457851
  20.500000000000021 5681.134083701385862
  20.600000000000023 5794.756765375414034
  20.700000000000024 5910.651900682922133
  20.800000000000026 6028.864938696580793
  20.900000000000027 6149.442237470511827
  21.000000000000028 6272.431082219922246
  21.100000000000030 6397.879703864320618
  21.200000000000031 6525.837297941607176
  21.300000000000033 6656.354043900440047
  21.400000000000034 6789.481124778449157
  21.500000000000036 6925.270747274017594
  21.600000000000037 7063.776162219497564
  21.700000000000038 7205.051685463887225
  21.800000000000040 7349.152719173165679
  21.900000000000041 7496.135773556629829
  22.000000000000043 7646.058489027761425
  22.100000000000044 7798.979658808317254
  22.200000000000045 7954.959251984481853
  22.300000000000047 8114.058437024173145
  22.400000000000048 8276.339605764655062
  22.500000000000050 8441.866397879948636
  22.600000000000051 8610.703725837545790
  22.700000000000053 8782.917800354296560
  22.800000000000054 8958.576156361383255
  22.900000000000055 9137.747679488609720
  23.000000000000057 9320.502633078383951
  23.100000000000058 9506.912685739951485
  23.200000000000060 9697.050939454751642
  23.300000000000061 9890.991958243846966
  23.400000000000063 10088.811797408723578
  23.500000000000064 10290.588033356900269
  23.600000000000065 10496.399794024038783
  23.700000000000067 10706.327789904518795
  23.800000000000068 10920.454345702610226
  23.900000000000070 11138.863432616662976
  24.000000000000071 11361.640701268996054
  24.100000000000072 11588.873515294373647
  24.200000000000074 11820.650985600263084
  24.300000000000075 12057.064005312269728
  24.400000000000077 12298.205285418514904
  24.500000000000078 12544.169391126884875
  24.600000000000080 12795.052778949420826
  24.700000000000081 13050.953834528410880
  24.800000000000082 13311.972911218976151
  24.900000000000084 13578.212369443355783
  25.000000000000085 13849.776616832223226
  25.100000000000087 14126.772149168864416
  25.200000000000088 14409.307592152243160
  25.300000000000090 14697.493743995288241
  25.400000000000091 14991.443618875195170
  25.500000000000092 15291.272491252699183
  25.600000000000094 15597.097941077750875
  25.700000000000095 15909.039899899305965
  25.800000000000097 16227.220697897291757
  25.900000000000098 16551.765111855234863
  26.000000000000099 16882.800414092336723
  26.100000000000101 17220.456422374187241
  26.200000000000102 17564.865550821668876
  26.300000000000104 17916.162861838100071
  26.400000000000105 18274.486119074863382
  26.500000000000107 18639.975841456362105
  26.600000000000108 19012.775358285489347
  26.700000000000109 19393.030865451200953
  26.800000000000111 19780.891482760223880
  26.900000000000112 20176.509312415426393
  27.000000000000114 20580.039498663736595
  27.100000000000115 20991.640288637008780
  27.200000000000117 21411.473094409753685
  27.300000000000118 21839.702556297947012
  27.400000000000119 22276.496607423905516
  27.500000000000121 22722.026539572383626
  27.600000000000122 23176.467070363829407
  27.700000000000124 23639.996411771106068
  27.800000000000125 24112.796340006530954
  27.900000000000126 24595.052266806662374
  28.000000000000128 25086.953312142792129
  28.100000000000129 25588.692378385650954
  28.200000000000131 26100.466225953365210
  28.300000000000132 26622.475550472430768
  28.400000000000134 27154.925061481881130
  28.500000000000135 27698.023562711518025
  28.600000000000136 28251.984033965749404
  28.700000000000138 28817.023714645063592
  28.800000000000139 29393.364188937961444
  28.900000000000141 29981.231472716724966
  29.000000000000142 30580.856102171055682
  29.100000000000144 31192.473224214478250
  29.200000000000145 31816.322688698772254
  29.300000000000146 32452.649142472746462
  29.400000000000148 33101.702125322197389
  29.500000000000149 33763.736167828639736
  29.600000000000151 34439.010891185207583
  29.700000000000152 35127.791109008911008
  29.800000000000153 35830.346931189087627
  29.900000000000155 36546.953869812867197
  30.000000000000156 37277.892947209118574
