0.000000 10.000000 0.000000 
0.010000 10.000000 -0.200000 
0.020000 9.998000 -0.399600 
0.030000 9.994004 -0.598761 
0.040000 9.988016 -0.797443 
0.050000 9.980042 -0.995609 
0.060000 9.970086 -1.193218 
0.070000 9.958154 -1.390234 
0.080000 9.944251 -1.586616 
0.090000 9.928385 -1.782328 
0.100000 9.910562 -1.977331 
0.110000 9.890789 -2.171588 
0.120000 9.869073 -2.365060 
0.130000 9.845422 -2.557712 
0.140000 9.819845 -2.749505 
0.150000 9.792350 -2.940403 
0.160000 9.762946 -3.130369 
0.170000 9.731642 -3.319367 
0.180000 9.698449 -3.507361 
0.190000 9.663375 -3.694315 
0.200000 9.626432 -3.880194 
0.210000 9.587630 -4.064962 
0.220000 9.546980 -4.248585 
0.230000 9.504494 -4.431028 
0.240000 9.460184 -4.612255 
0.250000 9.414062 -4.792235 
0.260000 9.366139 -4.970931 
0.270000 9.316430 -5.148312 
0.280000 9.264947 -5.324344 
0.290000 9.211703 -5.498994 
0.300000 9.156713 -5.672231 
0.310000 9.099991 -5.844020 
0.320000 9.041551 -6.014332 
0.330000 8.981408 -6.183134 
0.340000 8.919576 -6.350396 
0.350000 8.856072 -6.516087 
0.360000 8.790911 -6.680176 
0.370000 8.724110 -6.842634 
0.380000 8.655683 -7.003431 
0.390000 8.585649 -7.162538 
0.400000 8.514024 -7.319926 
0.410000 8.440824 -7.475566 
0.420000 8.366069 -7.629432 
0.430000 8.289774 -7.781494 
0.440000 8.211959 -7.931727 
0.450000 8.132642 -8.080103 
0.460000 8.051841 -8.226595 
0.470000 7.969575 -8.371179 
0.480000 7.885863 -8.513828 
0.490000 7.800725 -8.654518 
0.500000 7.714180 -8.793223 
0.510000 7.626248 -8.929920 
0.520000 7.536948 -9.064585 
0.530000 7.446303 -9.197195 
0.540000 7.354331 -9.327727 
0.550000 7.261053 -9.456158 
0.560000 7.166492 -9.582467 
0.570000 7.070667 -9.706632 
0.580000 6.973601 -9.828632 
0.590000 6.875315 -9.948446 
0.600000 6.775830 -10.066056 
0.610000 6.675170 -10.181440 
0.620000 6.573355 -10.294581 
0.630000 6.470409 -10.405459 
0.640000 6.366355 -10.514056 
0.650000 6.261214 -10.620355 
0.660000 6.155011 -10.724339 
0.670000 6.047767 -10.825990 
0.680000 5.939507 -10.925293 
0.690000 5.830254 -11.022233 
0.700000 5.720032 -11.116794 
0.710000 5.608864 -11.208961 
0.720000 5.496775 -11.298720 
0.730000 5.383787 -11.386058 
0.740000 5.269927 -11.470962 
0.750000 5.155217 -11.553418 
0.760000 5.039683 -11.633416 
0.770000 4.923349 -11.710943 
0.780000 4.806239 -11.785988 
0.790000 4.688379 -11.858541 
0.800000 4.569794 -11.928591 
0.810000 4.450508 -11.996130 
0.820000 4.330547 -12.061148 
0.830000 4.209935 -12.123636 
0.840000 4.088699 -12.183588 
0.850000 3.966863 -12.240995 
0.860000 3.844453 -12.295850 
0.870000 3.721495 -12.348147 
0.880000 3.598013 -12.397881 
0.890000 3.474034 -12.445045 
0.900000 3.349584 -12.489636 
0.910000 3.224688 -12.531648 
0.920000 3.099371 -12.571079 
0.930000 2.973660 -12.607924 
0.940000 2.847581 -12.642181 
0.950000 2.721159 -12.673849 
0.960000 2.594421 -12.702924 
0.970000 2.467392 -12.729407 
0.980000 2.340097 -12.753296 
0.990000 2.212565 -12.774591 
1.000000 2.084819 -12.793293 
1.010000 1.956886 -12.809403 
1.020000 1.828792 -12.822922 
1.030000 1.700562 -12.833852 
1.040000 1.572224 -12.842195 
1.050000 1.443802 -12.847956 
1.060000 1.315322 -12.851136 
1.070000 1.186811 -12.851740 
1.080000 1.058294 -12.849773 
1.090000 0.929796 -12.845239 
1.100000 0.801344 -12.838144 
1.110000 0.672962 -12.828495 
1.120000 0.544677 -12.816297 
1.130000 0.416514 -12.801558 
1.140000 0.288499 -12.784285 
1.150000 0.160656 -12.764487 
1.160000 0.033011 -12.742171 
1.170000 -0.094411 -12.717347 
1.180000 -0.221584 -12.690024 
1.190000 -0.348485 -12.660212 
1.200000 -0.475087 -12.627922 
1.210000 -0.601366 -12.593164 
1.220000 -0.727298 -12.555951 
1.230000 -0.852857 -12.516293 
1.240000 -0.978020 -12.474203 
1.250000 -1.102762 -12.429694 
1.260000 -1.227059 -12.382780 
1.270000 -1.350887 -12.333473 
1.280000 -1.474221 -12.281788 
1.290000 -1.597039 -12.227740 
1.300000 -1.719317 -12.171344 
1.310000 -1.841030 -12.112615 
1.320000 -1.962156 -12.051569 
1.330000 -2.082672 -11.988223 
1.340000 -2.202554 -11.922593 
1.350000 -2.321780 -11.854697 
1.360000 -2.440327 -11.784552 
1.370000 -2.558173 -11.712176 
1.380000 -2.675294 -11.637588 
1.390000 -2.791670 -11.560807 
1.400000 -2.907278 -11.481852 
1.410000 -3.022097 -11.400743 
1.420000 -3.136104 -11.317499 
1.430000 -3.249279 -11.232142 
1.440000 -3.361601 -11.144693 
1.450000 -3.473048 -11.055171 
1.460000 -3.583599 -10.963600 
1.470000 -3.693235 -10.870001 
1.480000 -3.801935 -10.774396 
1.490000 -3.909679 -10.676808 
1.500000 -4.016447 -10.577261 
1.510000 -4.122220 -10.475778 
1.520000 -4.226978 -10.372382 
1.530000 -4.330702 -10.267097 
1.540000 -4.433373 -10.159949 
1.550000 -4.534972 -10.050962 
1.560000 -4.635482 -9.940161 
1.570000 -4.734883 -9.827571 
1.580000 -4.833159 -9.713218 
1.590000 -4.930291 -9.597128 
1.600000 -5.026263 -9.479328 
1.610000 -5.121056 -9.359844 
1.620000 -5.214654 -9.238703 
1.630000 -5.307041 -9.115933 
1.640000 -5.398201 -8.991560 
1.650000 -5.488116 -8.865613 
1.660000 -5.576772 -8.738119 
1.670000 -5.664154 -8.609108 
1.680000 -5.750245 -8.478607 
1.690000 -5.835031 -8.346644 
1.700000 -5.918497 -8.213251 
1.710000 -6.000630 -8.078454 
1.720000 -6.081414 -7.942285 
1.730000 -6.160837 -7.804772 
1.740000 -6.238885 -7.665945 
1.750000 -6.315544 -7.525836 
1.760000 -6.390803 -7.384473 
1.770000 -6.464647 -7.241888 
1.780000 -6.537066 -7.098112 
1.790000 -6.608047 -6.953174 
1.800000 -6.677579 -6.807107 
1.810000 -6.745650 -6.659941 
1.820000 -6.812250 -6.511708 
1.830000 -6.877367 -6.362440 
1.840000 -6.940991 -6.212167 
1.850000 -7.003113 -6.060923 
1.860000 -7.063722 -5.908739 
1.870000 -7.122809 -5.755647 
1.880000 -7.180366 -5.601680 
1.890000 -7.236383 -5.446869 
1.900000 -7.290851 -5.291248 
1.910000 -7.343764 -5.134848 
1.920000 -7.395112 -4.977703 
1.930000 -7.444889 -4.819846 
1.940000 -7.493088 -4.661308 
1.950000 -7.539701 -4.502124 
1.960000 -7.584722 -4.342325 
1.970000 -7.628145 -4.181946 
1.980000 -7.669965 -4.021020 
1.990000 -7.710175 -3.859578 
2.000000 -7.748771 -3.697656 
2.010000 -7.785747 -3.535285 
2.020000 -7.821100 -3.372499 
2.030000 -7.854825 -3.209332 
2.040000 -7.886918 -3.045817 
2.050000 -7.917377 -2.881987 
2.060000 -7.946196 -2.717876 
2.070000 -7.973375 -2.553516 
2.080000 -7.998910 -2.388941 
2.090000 -8.022800 -2.224185 
2.100000 -8.045042 -2.059281 
2.110000 -8.065634 -1.894262 
2.120000 -8.084577 -1.729160 
2.130000 -8.101869 -1.564011 
2.140000 -8.117509 -1.398845 
2.150000 -8.131497 -1.233697 
2.160000 -8.143834 -1.068600 
2.170000 -8.154520 -0.903586 
2.180000 -8.163556 -0.738688 
2.190000 -8.170943 -0.573940 
2.200000 -8.176682 -0.409373 
2.210000 -8.180776 -0.245021 
2.220000 -8.183226 -0.080915 
2.230000 -8.184035 0.082911 
2.240000 -8.183206 0.246426 
2.250000 -8.180742 0.409597 
2.260000 -8.176646 0.572393 
2.270000 -8.170922 0.734781 
2.280000 -8.163574 0.896730 
2.290000 -8.154607 1.058208 
2.300000 -8.144025 1.219184 
2.310000 -8.131833 1.379626 
2.320000 -8.118037 1.539503 
2.330000 -8.102642 1.698785 
2.340000 -8.085654 1.857440 
2.350000 -8.067080 2.015438 
2.360000 -8.046925 2.172749 
2.370000 -8.025198 2.329342 
2.380000 -8.001904 2.485187 
2.390000 -7.977052 2.640255 
2.400000 -7.950650 2.794516 
2.410000 -7.922705 2.947940 
2.420000 -7.893225 3.100498 
2.430000 -7.862220 3.252161 
2.440000 -7.829699 3.402901 
2.450000 -7.795670 3.552690 
2.460000 -7.760143 3.701498 
2.470000 -7.723128 3.849297 
2.480000 -7.684635 3.996061 
2.490000 -7.644674 4.141762 
2.500000 -7.603257 4.286372 
2.510000 -7.560393 4.429864 
2.520000 -7.516094 4.572212 
2.530000 -7.470372 4.713390 
2.540000 -7.423238 4.853371 
2.550000 -7.374705 4.992129 
2.560000 -7.324783 5.129638 
2.570000 -7.273487 5.265875 
2.580000 -7.220828 5.400813 
2.590000 -7.166820 5.534428 
2.600000 -7.111476 5.666695 
2.610000 -7.054809 5.797591 
2.620000 -6.996833 5.927092 
2.630000 -6.937562 6.055175 
2.640000 -6.877010 6.181816 
2.650000 -6.815192 6.306992 
2.660000 -6.752122 6.430682 
2.670000 -6.687815 6.552863 
2.680000 -6.622287 6.673514 
2.690000 -6.555552 6.792613 
2.700000 -6.487625 6.910138 
2.710000 -6.418524 7.026071 
2.720000 -6.348263 7.140389 
2.730000 -6.276859 7.253073 
2.740000 -6.204329 7.364104 
2.750000 -6.130688 7.473463 
2.760000 -6.055953 7.581130 
2.770000 -5.980142 7.687086 
2.780000 -5.903271 7.791315 
2.790000 -5.825358 7.893798 
2.800000 -5.746420 7.994517 
2.810000 -5.666475 8.093457 
2.820000 -5.585540 8.190599 
2.830000 -5.503634 8.285929 
2.840000 -5.420775 8.379430 
2.850000 -5.336980 8.471086 
2.860000 -5.252270 8.560884 
2.870000 -5.166661 8.648808 
2.880000 -5.080173 8.734843 
2.890000 -4.992824 8.818977 
2.900000 -4.904634 8.901195 
2.910000 -4.815622 8.981486 
2.920000 -4.725808 9.059835 
2.930000 -4.635209 9.136232 
2.940000 -4.543847 9.210663 
2.950000 -4.451740 9.283119 
2.960000 -4.358909 9.353588 
2.970000 -4.265373 9.422059 
2.980000 -4.171153 9.488522 
2.990000 -4.076267 9.552968 
3.000000 -3.980738 9.615387 
3.010000 -3.884584 9.675771 
3.020000 -3.787826 9.734111 
3.030000 -3.690485 9.790400 
3.040000 -3.592581 9.844629 
3.050000 -3.494135 9.896791 
3.060000 -3.395167 9.946880 
3.070000 -3.295698 9.994890 
3.080000 -3.195749 10.040814 
3.090000 -3.095341 10.084647 
3.100000 -2.994495 10.126385 
3.110000 -2.893231 10.166022 
3.120000 -2.791570 10.203554 
3.130000 -2.689535 10.238979 
3.140000 -2.587145 10.272292 
3.150000 -2.484422 10.303490 
3.160000 -2.381387 10.332571 
3.170000 -2.278062 10.359534 
3.180000 -2.174466 10.384376 
3.190000 -2.070622 10.407097 
3.200000 -1.966552 10.427695 
3.210000 -1.862275 10.446171 
3.220000 -1.757813 10.462524 
3.230000 -1.653188 10.476755 
3.240000 -1.548420 10.488865 
3.250000 -1.443531 10.498856 
3.260000 -1.338543 10.506729 
3.270000 -1.233476 10.512486 
3.280000 -1.128351 10.516131 
3.290000 -1.023189 10.517665 
3.300000 -0.918013 10.517094 
3.310000 -0.812842 10.514420 
3.320000 -0.707698 10.509648 
3.330000 -0.602601 10.502783 
3.340000 -0.497573 10.493829 
3.350000 -0.392635 10.482793 
3.360000 -0.287807 10.469680 
3.370000 -0.183110 10.454497 
3.380000 -0.078565 10.437250 
3.390000 0.025807 10.417947 
3.400000 0.129987 10.396595 
3.410000 0.233953 10.373202 
3.420000 0.337685 10.347776 
3.430000 0.441162 10.320327 
3.440000 0.544366 10.290863 
3.450000 0.647274 10.259394 
3.460000 0.749868 10.225930 
3.470000 0.852128 10.190481 
3.480000 0.954032 10.153057 
3.490000 1.055563 10.113670 
3.500000 1.156700 10.072332 
3.510000 1.257423 10.029053 
3.520000 1.357713 9.983847 
3.530000 1.457552 9.936725 
3.540000 1.556919 9.887700 
3.550000 1.655796 9.836786 
3.560000 1.754164 9.783997 
3.570000 1.852004 9.729346 
3.580000 1.949297 9.672847 
3.590000 2.046026 9.614515 
3.600000 2.142171 9.554366 
3.610000 2.237715 9.492413 
3.620000 2.332639 9.428674 
3.630000 2.426926 9.363164 
3.640000 2.520557 9.295899 
3.650000 2.613516 9.226896 
3.660000 2.705785 9.156172 
3.670000 2.797347 9.083744 
3.680000 2.888184 9.009630 
3.690000 2.978281 8.933847 
3.700000 3.067619 8.856414 
3.710000 3.156183 8.777348 
3.720000 3.243957 8.696670 
3.730000 3.330923 8.614398 
3.740000 3.417067 8.530550 
3.750000 3.502373 8.445148 
3.760000 3.586824 8.358210 
3.770000 3.670407 8.269757 
3.780000 3.753104 8.179810 
3.790000 3.834902 8.088388 
3.800000 3.915786 7.995513 
3.810000 3.995741 7.901206 
3.820000 4.074753 7.805489 
3.830000 4.152808 7.708383 
3.840000 4.229892 7.609910 
3.850000 4.305991 7.510092 
3.860000 4.381092 7.408952 
3.870000 4.455182 7.306513 
3.880000 4.528247 7.202796 
3.890000 4.600275 7.097825 
3.900000 4.671253 6.991624 
3.910000 4.741169 6.884216 
3.920000 4.810011 6.775624 
3.930000 4.877768 6.665873 
3.940000 4.944426 6.554986 
3.950000 5.009976 6.442987 
3.960000 5.074406 6.329902 
3.970000 5.137705 6.215754 
3.980000 5.199863 6.100568 
3.990000 5.260868 5.984370 
4.000000 5.320712 5.867184 
4.010000 5.379384 5.749035 
4.020000 5.436874 5.629949 
4.030000 5.493174 5.509952 
4.040000 5.548273 5.389069 
4.050000 5.602164 5.267325 
4.060000 5.654837 5.144747 
4.070000 5.706284 5.021361 
4.080000 5.756498 4.897192 
4.090000 5.805470 4.772268 
4.100000 5.853193 4.646614 
4.110000 5.899659 4.520257 
4.120000 5.944861 4.393223 
4.130000 5.988794 4.265540 
4.140000 6.031449 4.137233 
4.150000 6.072821 4.008329 
4.160000 6.112905 3.878856 
4.170000 6.151693 3.748840 
4.180000 6.189182 3.618309 
4.190000 6.225365 3.487289 
4.200000 6.260238 3.355807 
4.210000 6.293796 3.223890 
4.220000 6.326035 3.091567 
4.230000 6.356950 2.958863 
4.240000 6.386539 2.825806 
4.250000 6.414797 2.692424 
4.260000 6.441721 2.558743 
4.270000 6.467309 2.424791 
4.280000 6.491557 2.290595 
4.290000 6.514462 2.156183 
4.300000 6.536024 2.021581 
4.310000 6.556240 1.886818 
4.320000 6.575108 1.751919 
4.330000 6.592627 1.616913 
4.340000 6.608797 1.481827 
4.350000 6.623615 1.346687 
4.360000 6.637082 1.211522 
4.370000 6.649197 1.076357 
4.380000 6.659961 0.941220 
4.390000 6.669373 0.806139 
4.400000 6.677434 0.671139 
4.410000 6.684146 0.536248 
4.420000 6.689508 0.401492 
4.430000 6.693523 0.266899 
4.440000 6.696192 0.132495 
4.450000 6.697517 -0.001694 
4.460000 6.697500 -0.135641 
4.470000 6.696144 -0.269319 
4.480000 6.693450 -0.402704 
4.490000 6.689423 -0.535767 
4.500000 6.684066 -0.668484 
4.510000 6.677381 -0.800829 
4.520000 6.669372 -0.932774 
4.530000 6.660045 -1.064296 
4.540000 6.649402 -1.195369 
4.550000 6.637448 -1.325966 
4.560000 6.624188 -1.456063 
4.570000 6.609628 -1.585635 
4.580000 6.593771 -1.714656 
4.590000 6.576625 -1.843102 
4.600000 6.558194 -1.970948 
4.610000 6.538484 -2.098170 
4.620000 6.517503 -2.224744 
4.630000 6.495255 -2.350644 
4.640000 6.471749 -2.475848 
4.650000 6.446990 -2.600331 
4.660000 6.420987 -2.724070 
4.670000 6.393746 -2.847042 
4.680000 6.365276 -2.969223 
4.690000 6.335584 -3.090590 
4.700000 6.304678 -3.211120 
4.710000 6.272567 -3.330792 
4.720000 6.239259 -3.449582 
4.730000 6.204763 -3.567468 
4.740000 6.169088 -3.684428 
4.750000 6.132244 -3.800441 
4.760000 6.094239 -3.915485 
4.770000 6.055085 -4.029539 
4.780000 6.014789 -4.142581 
4.790000 5.973363 -4.254592 
4.800000 5.930817 -4.365550 
4.810000 5.887162 -4.475435 
4.820000 5.842408 -4.584228 
4.830000 5.796565 -4.691907 
4.840000 5.749646 -4.798455 
4.850000 5.701662 -4.903851 
4.860000 5.652623 -5.008076 
4.870000 5.602542 -5.111113 
4.880000 5.551431 -5.212941 
4.890000 5.499302 -5.313544 
4.900000 5.446166 -5.412903 
4.910000 5.392037 -5.511000 
4.920000 5.336927 -5.607819 
4.930000 5.280849 -5.703342 
4.940000 5.223816 -5.797552 
4.950000 5.165840 -5.890434 
4.960000 5.106936 -5.981970 
4.970000 5.047116 -6.072144 
4.980000 4.986395 -6.160942 
4.990000 4.924785 -6.248348 
5.000000 4.862302 -6.334347 
5.010000 4.798958 -6.418925 
5.020000 4.734769 -6.502066 
5.030000 4.669749 -6.583757 
5.040000 4.603911 -6.663985 
5.050000 4.537271 -6.742735 
5.060000 4.469844 -6.819995 
5.070000 4.401644 -6.895752 
5.080000 4.332686 -6.969993 
5.090000 4.262986 -7.042707 
5.100000 4.192559 -7.113881 
5.110000 4.121421 -7.183505 
5.120000 4.049585 -7.251566 
5.130000 3.977070 -7.318055 
5.140000 3.903889 -7.382960 
5.150000 3.830060 -7.446272 
5.160000 3.755597 -7.507980 
5.170000 3.680517 -7.568076 
5.180000 3.604836 -7.626551 
5.190000 3.528571 -7.683394 
5.200000 3.451737 -7.738599 
5.210000 3.374351 -7.792156 
5.220000 3.296429 -7.844059 
5.230000 3.217989 -7.894300 
5.240000 3.139046 -7.942871 
5.250000 3.059617 -7.989766 
5.260000 2.979719 -8.034979 
5.270000 2.899370 -8.078503 
5.280000 2.818585 -8.120334 
5.290000 2.737381 -8.160465 
5.300000 2.655777 -8.198891 
5.310000 2.573788 -8.235609 
5.320000 2.491432 -8.270614 
5.330000 2.408725 -8.303901 
5.340000 2.325686 -8.335468 
5.350000 2.242332 -8.365311 
5.360000 2.158679 -8.393427 
5.370000 2.074744 -8.419813 
5.380000 1.990546 -8.444469 
5.390000 1.906102 -8.467390 
5.400000 1.821428 -8.488578 
5.410000 1.736542 -8.508029 
5.420000 1.651462 -8.525744 
5.430000 1.566204 -8.541722 
5.440000 1.480787 -8.555962 
5.450000 1.395227 -8.568466 
5.460000 1.309543 -8.579234 
5.470000 1.223750 -8.588266 
5.480000 1.137868 -8.595565 
5.490000 1.051912 -8.601131 
5.500000 0.965901 -8.604967 
5.510000 0.879851 -8.607075 
5.520000 0.793780 -8.607458 
5.530000 0.707706 -8.606118 
5.540000 0.621645 -8.603060 
5.550000 0.535614 -8.598287 
5.560000 0.449631 -8.591803 
5.570000 0.363713 -8.583612 
5.580000 0.277877 -8.573719 
5.590000 0.192140 -8.562129 
5.600000 0.106518 -8.548847 
5.610000 0.021030 -8.533880 
5.620000 -0.064309 -8.517233 
5.630000 -0.149481 -8.498912 
5.640000 -0.234470 -8.478925 
5.650000 -0.319260 -8.457278 
5.660000 -0.403832 -8.433978 
5.670000 -0.488172 -8.409033 
5.680000 -0.572262 -8.382452 
5.690000 -0.656087 -8.354242 
5.700000 -0.739629 -8.324411 
5.710000 -0.822873 -8.292970 
5.720000 -0.905803 -8.259927 
5.730000 -0.988402 -8.225291 
5.740000 -1.070655 -8.189072 
5.750000 -1.152546 -8.151281 
5.760000 -1.234059 -8.111927 
5.770000 -1.315178 -8.071022 
5.780000 -1.395888 -8.028577 
5.790000 -1.476174 -7.984602 
5.800000 -1.556020 -7.939109 
5.810000 -1.635411 -7.892110 
5.820000 -1.714332 -7.843618 
5.830000 -1.792769 -7.793644 
5.840000 -1.870705 -7.742201 
5.850000 -1.948127 -7.689303 
5.860000 -2.025020 -7.634962 
5.870000 -2.101370 -7.579191 
5.880000 -2.177162 -7.522006 
5.890000 -2.252382 -7.463418 
5.900000 -2.327016 -7.403444 
5.910000 -2.401050 -7.342097 
5.920000 -2.474471 -7.279392 
5.930000 -2.547265 -7.215343 
5.940000 -2.619419 -7.149967 
5.950000 -2.690918 -7.083279 
5.960000 -2.761751 -7.015294 
5.970000 -2.831904 -6.946029 
5.980000 -2.901364 -6.875498 
5.990000 -2.970119 -6.803720 
6.000000 -3.038156 -6.730710 
6.010000 -3.105464 -6.656486 
6.020000 -3.172028 -6.581064 
6.030000 -3.237839 -6.504461 
6.040000 -3.302884 -6.426695 
6.050000 -3.367151 -6.347784 
6.060000 -3.430628 -6.267745 
6.070000 -3.493306 -6.186597 
6.080000 -3.555172 -6.104358 
6.090000 -3.616215 -6.021046 
6.100000 -3.676426 -5.936680 
6.110000 -3.735793 -5.851278 
6.120000 -3.794305 -5.764859 
6.130000 -3.851954 -5.677443 
6.140000 -3.908728 -5.589049 
6.150000 -3.964619 -5.499697 
6.160000 -4.019616 -5.409405 
6.170000 -4.073710 -5.318194 
6.180000 -4.126892 -5.226083 
6.190000 -4.179153 -5.133093 
6.200000 -4.230484 -5.039244 
6.210000 -4.280876 -4.944556 
6.220000 -4.330322 -4.849049 
6.230000 -4.378812 -4.752745 
6.240000 -4.426340 -4.655663 
6.250000 -4.472896 -4.557825 
6.260000 -4.518475 -4.459251 
6.270000 -4.563067 -4.359963 
6.280000 -4.606667 -4.259982 
6.290000 -4.649266 -4.159329 
6.300000 -4.690860 -4.058025 
6.310000 -4.731440 -3.956092 
6.320000 -4.771001 -3.853551 
6.330000 -4.809536 -3.750423 
6.340000 -4.847041 -3.646732 
6.350000 -4.883508 -3.542498 
6.360000 -4.918933 -3.437742 
6.370000 -4.953310 -3.332488 
6.380000 -4.986635 -3.226757 
6.390000 -5.018903 -3.120571 
6.400000 -5.050109 -3.013952 
6.410000 -5.080248 -2.906922 
6.420000 -5.109317 -2.799503 
6.430000 -5.137312 -2.691717 
6.440000 -5.164230 -2.583588 
6.450000 -5.190065 -2.475136 
6.460000 -5.214817 -2.366384 
6.470000 -5.238481 -2.257355 
6.480000 -5.261054 -2.148071 
6.490000 -5.282535 -2.038554 
6.500000 -5.302920 -1.928826 
6.510000 -5.322209 -1.818910 
6.520000 -5.340398 -1.708828 
6.530000 -5.357486 -1.598602 
6.540000 -5.373472 -1.488255 
6.550000 -5.388355 -1.377809 
6.560000 -5.402133 -1.267287 
6.570000 -5.414806 -1.156709 
6.580000 -5.426373 -1.046100 
6.590000 -5.436834 -0.935480 
6.600000 -5.446188 -0.824873 
6.610000 -5.454437 -0.714299 
6.620000 -5.461580 -0.603782 
6.630000 -5.467618 -0.493343 
6.640000 -5.472551 -0.383004 
6.650000 -5.476381 -0.272787 
6.660000 -5.479109 -0.162713 
6.670000 -5.480736 -0.052806 
6.680000 -5.481265 0.056915 
6.690000 -5.480695 0.166426 
6.700000 -5.479031 0.275707 
6.710000 -5.476274 0.384736 
6.720000 -5.472427 0.493492 
6.730000 -5.467492 0.601954 
6.740000 -5.461472 0.710100 
6.750000 -5.454371 0.817909 
6.760000 -5.446192 0.925361 
6.770000 -5.436939 1.032434 
6.780000 -5.426614 1.139108 
6.790000 -5.415223 1.245362 
6.800000 -5.402769 1.351175 
6.810000 -5.389258 1.456529 
6.820000 -5.374692 1.561401 
6.830000 -5.359078 1.665772 
6.840000 -5.342421 1.769622 
6.850000 -5.324725 1.872931 
6.860000 -5.305995 1.975679 
6.870000 -5.286238 2.077848 
6.880000 -5.265460 2.179417 
6.890000 -5.243666 2.280367 
6.900000 -5.220862 2.380680 
6.910000 -5.197055 2.480336 
6.920000 -5.172252 2.579316 
6.930000 -5.146459 2.677603 
6.940000 -5.119683 2.775177 
6.950000 -5.091931 2.872020 
6.960000 -5.063211 2.968115 
6.970000 -5.033530 3.063443 
6.980000 -5.002895 3.157986 
6.990000 -4.971315 3.251728 
7.000000 -4.938798 3.344651 
7.010000 -4.905352 3.436738 
7.020000 -4.870984 3.527971 
7.030000 -4.835704 3.618335 
7.040000 -4.799521 3.707812 
7.050000 -4.762443 3.796387 
7.060000 -4.724479 3.884043 
7.070000 -4.685639 3.970765 
7.080000 -4.645931 4.056536 
7.090000 -4.605366 4.141342 
7.100000 -4.563952 4.225166 
7.110000 -4.521701 4.307995 
7.120000 -4.478621 4.389813 
7.130000 -4.434722 4.470606 
7.140000 -4.390016 4.550359 
7.150000 -4.344513 4.629059 
7.160000 -4.298222 4.706691 
7.170000 -4.251155 4.783242 
7.180000 -4.203323 4.858698 
7.190000 -4.154736 4.933048 
7.200000 -4.105405 5.006276 
7.210000 -4.055343 5.078372 
7.220000 -4.004559 5.149322 
7.230000 -3.953066 5.219114 
7.240000 -3.900875 5.287737 
7.250000 -3.847997 5.355179 
7.260000 -3.794445 5.421429 
7.270000 -3.740231 5.486475 
7.280000 -3.685366 5.550307 
7.290000 -3.629863 5.612913 
7.300000 -3.573734 5.674285 
7.310000 -3.516991 5.734411 
7.320000 -3.459647 5.793282 
7.330000 -3.401714 5.850888 
7.340000 -3.343206 5.907221 
7.350000 -3.284133 5.962271 
7.360000 -3.224511 6.016029 
7.370000 -3.164350 6.068487 
7.380000 -3.103665 6.119637 
7.390000 -3.042469 6.169471 
7.400000 -2.980774 6.217981 
7.410000 -2.918595 6.265161 
7.420000 -2.855943 6.311002 
7.430000 -2.792833 6.355499 
7.440000 -2.729278 6.398645 
7.450000 -2.665292 6.440433 
7.460000 -2.600887 6.480858 
7.470000 -2.536079 6.519914 
7.480000 -2.470879 6.557596 
7.490000 -2.405303 6.593898 
7.500000 -2.339365 6.628817 
7.510000 -2.273076 6.662346 
7.520000 -2.206453 6.694483 
7.530000 -2.139508 6.725223 
7.540000 -2.072256 6.754563 
7.550000 -2.004710 6.782499 
7.560000 -1.936885 6.809028 
7.570000 -1.868795 6.834148 
7.580000 -1.800453 6.857855 
7.590000 -1.731875 6.880149 
7.600000 -1.663073 6.901026 
7.610000 -1.594063 6.920485 
7.620000 -1.524858 6.938526 
7.630000 -1.455473 6.955146 
7.640000 -1.385922 6.970345 
7.650000 -1.316218 6.984123 
7.660000 -1.246377 6.996479 
7.670000 -1.176412 7.007413 
7.680000 -1.106338 7.016927 
7.690000 -1.036169 7.025020 
7.700000 -0.965918 7.031693 
7.710000 -0.895602 7.036948 
7.720000 -0.825232 7.040786 
7.730000 -0.754824 7.043209 
7.740000 -0.684392 7.044219 
7.750000 -0.613950 7.043819 
7.760000 -0.543512 7.042010 
7.770000 -0.473092 7.038796 
7.780000 -0.402704 7.034181 
7.790000 -0.332362 7.028166 
7.800000 -0.262080 7.020757 
7.810000 -0.191873 7.011957 
7.820000 -0.121753 7.001771 
7.830000 -0.051735 6.990202 
7.840000 0.018167 6.977257 
7.850000 0.087939 6.962939 
7.860000 0.157569 6.947254 
7.870000 0.227041 6.930208 
7.880000 0.296343 6.911807 
7.890000 0.365461 6.892056 
7.900000 0.434382 6.870963 
7.910000 0.503091 6.848534 
7.920000 0.571577 6.824775 
7.930000 0.639825 6.799694 
7.940000 0.707822 6.773298 
7.950000 0.775554 6.745595 
7.960000 0.843010 6.716592 
7.970000 0.910176 6.686299 
7.980000 0.977039 6.654723 
7.990000 1.043587 6.621873 
8.000000 1.109805 6.587757 
8.010000 1.175683 6.552386 
8.020000 1.241207 6.515767 
8.030000 1.306364 6.477911 
8.040000 1.371144 6.438828 
8.050000 1.435532 6.398528 
8.060000 1.499517 6.357020 
8.070000 1.563087 6.314316 
8.080000 1.626230 6.270425 
8.090000 1.688935 6.225360 
8.100000 1.751188 6.179131 
8.110000 1.812980 6.131748 
8.120000 1.874297 6.083225 
8.130000 1.935129 6.033573 
8.140000 1.995465 5.982803 
8.150000 2.055293 5.930928 
8.160000 2.114602 5.877961 
8.170000 2.173382 5.823913 
8.180000 2.231621 5.768797 
8.190000 2.289309 5.712627 
8.200000 2.346435 5.655416 
8.210000 2.402990 5.597176 
8.220000 2.458961 5.537922 
8.230000 2.514341 5.477667 
8.240000 2.569117 5.416425 
8.250000 2.623281 5.354210 
8.260000 2.676824 5.291036 
8.270000 2.729734 5.226917 
8.280000 2.782003 5.161869 
8.290000 2.833622 5.095905 
8.300000 2.884581 5.029041 
8.310000 2.934871 4.961291 
8.320000 2.984484 4.892671 
8.330000 3.033411 4.823196 
8.340000 3.081643 4.752881 
8.350000 3.129172 4.681743 
8.360000 3.175989 4.609796 
8.370000 3.222087 4.537056 
8.380000 3.267458 4.463540 
8.390000 3.312093 4.389264 
8.400000 3.355986 4.314244 
8.410000 3.399128 4.238496 
8.420000 3.441513 4.162036 
8.430000 3.483133 4.084882 
8.440000 3.523982 4.007049 
8.450000 3.564053 3.928556 
8.460000 3.603338 3.849417 
8.470000 3.641832 3.769652 
8.480000 3.679529 3.689276 
8.490000 3.716422 3.608307 
8.500000 3.752505 3.526762 
8.510000 3.787772 3.444658 
8.520000 3.822219 3.362013 
8.530000 3.855839 3.278845 
8.540000 3.888627 3.195170 
8.550000 3.920579 3.111008 
8.560000 3.951689 3.026374 
8.570000 3.981953 2.941287 
8.580000 4.011366 2.855766 
8.590000 4.039924 2.769827 
8.600000 4.067622 2.683489 
8.610000 4.094457 2.596769 
8.620000 4.120424 2.509687 
8.630000 4.145521 2.422259 
8.640000 4.169744 2.334504 
8.650000 4.193089 2.246440 
8.660000 4.215553 2.158085 
8.670000 4.237134 2.069458 
8.680000 4.257829 1.980577 
8.690000 4.277634 1.891459 
8.700000 4.296549 1.802123 
8.710000 4.314570 1.712588 
8.720000 4.331696 1.622871 
8.730000 4.347925 1.532992 
8.740000 4.363255 1.442967 
8.750000 4.377684 1.352816 
8.760000 4.391213 1.262557 
8.770000 4.403838 1.172208 
8.780000 4.415560 1.081786 
8.790000 4.426378 0.991312 
8.800000 4.436291 0.900801 
8.810000 4.445299 0.810274 
8.820000 4.453402 0.719747 
8.830000 4.460599 0.629240 
8.840000 4.466892 0.538769 
8.850000 4.472280 0.448354 
8.860000 4.476763 0.358012 
8.870000 4.480343 0.267760 
8.880000 4.483021 0.177618 
8.890000 4.484797 0.087602 
8.900000 4.485673 -0.002269 
8.910000 4.485650 -0.091978 
8.920000 4.484731 -0.181507 
8.930000 4.482916 -0.270838 
8.940000 4.480207 -0.359955 
8.950000 4.476608 -0.448839 
8.960000 4.472119 -0.537474 
8.970000 4.466744 -0.625841 
8.980000 4.460486 -0.713924 
8.990000 4.453347 -0.801706 
9.000000 4.445330 -0.889170 
9.010000 4.436438 -0.976298 
9.020000 4.426675 -1.063074 
9.030000 4.416044 -1.149481 
9.040000 4.404550 -1.235503 
9.050000 4.392194 -1.321123 
9.060000 4.378983 -1.406325 
9.070000 4.364920 -1.491092 
9.080000 4.350009 -1.575408 
9.090000 4.334255 -1.659258 
9.100000 4.317662 -1.742624 
9.110000 4.300236 -1.825492 
9.120000 4.281981 -1.907846 
9.130000 4.262903 -1.989670 
9.140000 4.243006 -2.070949 
9.150000 4.222297 -2.151667 
9.160000 4.200780 -2.231809 
9.170000 4.178462 -2.311361 
9.180000 4.155348 -2.390308 
9.190000 4.131445 -2.468634 
9.200000 4.106759 -2.546326 
9.210000 4.081296 -2.623368 
9.220000 4.055062 -2.699748 
9.230000 4.028064 -2.775449 
9.240000 4.000310 -2.850460 
9.250000 3.971805 -2.924765 
9.260000 3.942558 -2.998352 
9.270000 3.912574 -3.071206 
9.280000 3.881862 -3.143315 
9.290000 3.850429 -3.214666 
9.300000 3.818282 -3.285245 
9.310000 3.785430 -3.355040 
9.320000 3.751879 -3.424039 
9.330000 3.717639 -3.492228 
9.340000 3.682717 -3.559596 
9.350000 3.647121 -3.626132 
9.360000 3.610859 -3.691822 
9.370000 3.573941 -3.756655 
9.380000 3.536375 -3.820621 
9.390000 3.498168 -3.883707 
9.400000 3.459331 -3.945903 
9.410000 3.419872 -4.007198 
9.420000 3.379800 -4.067581 
9.430000 3.339125 -4.127042 
9.440000 3.297854 -4.185570 
9.450000 3.255998 -4.243156 
9.460000 3.213567 -4.299790 
9.470000 3.170569 -4.355462 
9.480000 3.127014 -4.410162 
9.490000 3.082913 -4.463882 
9.500000 3.038274 -4.516612 
9.510000 2.993108 -4.568345 
9.520000 2.947424 -4.619070 
9.530000 2.901234 -4.668781 
9.540000 2.854546 -4.717468 
9.550000 2.807371 -4.765124 
9.560000 2.759720 -4.811741 
9.570000 2.711603 -4.857312 
9.580000 2.663029 -4.901829 
9.590000 2.614011 -4.945286 
9.600000 2.564558 -4.987676 
9.610000 2.514682 -5.028992 
9.620000 2.464392 -5.069227 
9.630000 2.413699 -5.108377 
9.640000 2.362616 -5.146434 
9.650000 2.311151 -5.183393 
9.660000 2.259317 -5.219249 
9.670000 2.207125 -5.253997 
9.680000 2.154585 -5.287632 
9.690000 2.101709 -5.320148 
9.700000 2.048507 -5.351542 
9.710000 1.994992 -5.381809 
9.720000 1.941174 -5.410945 
9.730000 1.887064 -5.438947 
9.740000 1.832675 -5.465810 
9.750000 1.778017 -5.491532 
9.760000 1.723101 -5.516109 
9.770000 1.667940 -5.539539 
9.780000 1.612545 -5.561819 
9.790000 1.556927 -5.582946 
9.800000 1.501097 -5.602919 
9.810000 1.445068 -5.621735 
9.820000 1.388851 -5.639393 
9.830000 1.332457 -5.655891 
9.840000 1.275898 -5.671228 
9.850000 1.219185 -5.685404 
9.860000 1.162331 -5.698417 
9.870000 1.105347 -5.710267 
9.880000 1.048245 -5.720953 
9.890000 0.991035 -5.730476 
9.900000 0.933730 -5.738836 
9.910000 0.876342 -5.746033 
9.920000 0.818882 -5.752068 
9.930000 0.761361 -5.756941 
9.940000 0.703791 -5.760654 
9.950000 0.646185 -5.763209 
9.960000 0.588553 -5.764606 
9.970000 0.530907 -5.764848 
9.980000 0.473258 -5.763936 
9.990000 0.415619 -5.761874 
10.000000 0.358000 -5.758662 
10.010000 0.300414 -5.754305 
10.020000 0.242871 -5.748805 
10.030000 0.185382 -5.742164 
10.040000 0.127961 -5.734388 
10.050000 0.070617 -5.725478 
10.060000 0.013362 -5.715440 
10.070000 -0.043792 -5.704276 
10.080000 -0.100835 -5.691992 
10.090000 -0.157755 -5.678591 
10.100000 -0.214541 -5.664079 
10.110000 -0.271182 -5.648460 
10.120000 -0.327666 -5.631739 
10.130000 -0.383984 -5.613922 
10.140000 -0.440123 -5.595015 
10.150000 -0.496073 -5.575022 
10.160000 -0.551823 -5.553951 
10.170000 -0.607363 -5.531806 
10.180000 -0.662681 -5.508596 
10.190000 -0.717767 -5.484325 
10.200000 -0.772610 -5.459001 
10.210000 -0.827200 -5.432631 
10.220000 -0.881526 -5.405221 
10.230000 -0.935579 -5.376780 
10.240000 -0.989346 -5.347315 
10.250000 -1.042819 -5.316834 
10.260000 -1.095988 -5.285344 
10.270000 -1.148841 -5.252853 
10.280000 -1.201370 -5.219371 
10.290000 -1.253563 -5.184904 
10.300000 -1.305413 -5.149463 
10.310000 -1.356907 -5.113056 
10.320000 -1.408038 -5.075692 
10.330000 -1.458795 -5.037380 
10.340000 -1.509168 -4.998129 
10.350000 -1.559150 -4.957950 
10.360000 -1.608729 -4.916851 
10.370000 -1.657898 -4.874842 
10.380000 -1.706646 -4.831935 
10.390000 -1.754965 -4.788138 
10.400000 -1.802847 -4.743462 
10.410000 -1.850281 -4.697919 
10.420000 -1.897261 -4.651517 
10.430000 -1.943776 -4.604269 
10.440000 -1.989819 -4.556185 
10.450000 -2.035380 -4.507276 
10.460000 -2.080453 -4.457554 
10.470000 -2.125029 -4.407030 
10.480000 -2.169099 -4.355715 
10.490000 -2.212656 -4.303622 
10.500000 -2.255692 -4.250761 
10.510000 -2.298200 -4.197146 
10.520000 -2.340171 -4.142788 
10.530000 -2.381599 -4.087699 
10.540000 -2.422476 -4.031891 
10.550000 -2.462795 -3.975378 
10.560000 -2.502549 -3.918171 
10.570000 -2.541731 -3.860284 
10.580000 -2.580334 -3.801729 
10.590000 -2.618351 -3.742519 
10.600000 -2.655776 -3.682667 
10.610000 -2.692603 -3.622186 
10.620000 -2.728825 -3.561089 
10.630000 -2.764435 -3.499391 
10.640000 -2.799429 -3.437103 
10.650000 -2.833800 -3.374240 
10.660000 -2.867543 -3.310816 
10.670000 -2.900651 -3.246843 
10.680000 -2.933119 -3.182337 
10.690000 -2.964943 -3.117310 
10.700000 -2.996116 -3.051776 
10.710000 -3.026634 -2.985750 
10.720000 -3.056491 -2.919246 
10.730000 -3.085684 -2.852278 
10.740000 -3.114206 -2.784860 
10.750000 -3.142055 -2.717006 
10.760000 -3.169225 -2.648731 
10.770000 -3.195712 -2.580049 
10.780000 -3.221513 -2.510974 
10.790000 -3.246623 -2.441522 
10.800000 -3.271038 -2.371707 
10.810000 -3.294755 -2.301542 
10.820000 -3.317770 -2.231044 
10.830000 -3.340081 -2.160227 
10.840000 -3.361683 -2.089105 
10.850000 -3.382574 -2.017693 
10.860000 -3.402751 -1.946006 
10.870000 -3.422211 -1.874059 
10.880000 -3.440952 -1.801867 
10.890000 -3.458970 -1.729444 
10.900000 -3.476265 -1.656806 
10.910000 -3.492833 -1.583967 
10.920000 -3.508672 -1.510942 
10.930000 -3.523782 -1.437747 
10.940000 -3.538159 -1.364396 
10.950000 -3.551803 -1.290904 
10.960000 -3.564712 -1.217286 
10.970000 -3.576885 -1.143557 
10.980000 -3.588321 -1.069732 
10.990000 -3.599018 -0.995826 
11.000000 -3.608976 -0.921854 
11.010000 -3.618195 -0.847831 
11.020000 -3.626673 -0.773771 
11.030000 -3.634411 -0.699690 
11.040000 -3.641408 -0.625603 
11.050000 -3.647664 -0.551523 
11.060000 -3.653179 -0.477467 
11.070000 -3.657954 -0.403449 
11.080000 -3.661988 -0.329483 
11.090000 -3.665283 -0.255584 
11.100000 -3.667839 -0.181767 
11.110000 -3.669656 -0.108047 
11.120000 -3.670737 -0.034438 
11.130000 -3.671081 0.039046 
11.140000 -3.670691 0.112390 
11.150000 -3.669567 0.185579 
11.160000 -3.667711 0.258599 
11.170000 -3.665125 0.331436 
11.180000 -3.661811 0.404075 
11.190000 -3.657770 0.476504 
11.200000 -3.653005 0.548706 
11.210000 -3.647518 0.620669 
11.220000 -3.641311 0.692378 
11.230000 -3.634388 0.763819 
11.240000 -3.626749 0.834979 
11.250000 -3.618400 0.905844 
11.260000 -3.609341 0.976401 
11.270000 -3.599577 1.046635 
11.280000 -3.589111 1.116533 
11.290000 -3.577945 1.186082 
11.300000 -3.566085 1.255269 
11.310000 -3.553532 1.324080 
11.320000 -3.540291 1.392502 
11.330000 -3.526366 1.460523 
11.340000 -3.511761 1.528129 
11.350000 -3.496480 1.595308 
11.360000 -3.480526 1.662047 
11.370000 -3.463906 1.728334 
11.380000 -3.446623 1.794155 
11.390000 -3.428681 1.859499 
11.400000 -3.410086 1.924354 
11.410000 -3.390843 1.988707 
11.420000 -3.370956 2.052547 
11.430000 -3.350430 2.115861 
11.440000 -3.329271 2.178637 
11.450000 -3.307485 2.240866 
11.460000 -3.285076 2.302534 
11.470000 -3.262051 2.363630 
11.480000 -3.238415 2.424144 
11.490000 -3.214173 2.484064 
11.500000 -3.189333 2.543379 
11.510000 -3.163899 2.602079 
11.520000 -3.137878 2.660153 
11.530000 -3.111277 2.717590 
11.540000 -3.084101 2.774380 
11.550000 -3.056357 2.830514 
11.560000 -3.028052 2.885980 
11.570000 -2.999192 2.940769 
11.580000 -2.969784 2.994871 
11.590000 -2.939836 3.048277 
11.600000 -2.909353 3.100977 
11.610000 -2.878343 3.152962 
11.620000 -2.846813 3.204223 
11.630000 -2.814771 3.254751 
11.640000 -2.782224 3.304537 
11.650000 -2.749178 3.353572 
11.660000 -2.715643 3.401849 
11.670000 -2.681624 3.449358 
11.680000 -2.647130 3.496092 
11.690000 -2.612170 3.542042 
11.700000 -2.576749 3.587202 
11.710000 -2.540877 3.631562 
11.720000 -2.504561 3.675117 
11.730000 -2.467810 3.717858 
11.740000 -2.430632 3.759778 
11.750000 -2.393034 3.800871 
11.760000 -2.355025 3.841130 
11.770000 -2.316614 3.880548 
11.780000 -2.277808 3.919119 
11.790000 -2.238617 3.956837 
11.800000 -2.199049 3.993696 
11.810000 -2.159112 4.029690 
11.820000 -2.118815 4.064812 
11.830000 -2.078167 4.099059 
11.840000 -2.037176 4.132424 
11.850000 -1.995852 4.164903 
11.860000 -1.954203 4.196490 
11.870000 -1.912238 4.227181 
11.880000 -1.869966 4.256972 
11.890000 -1.827397 4.285857 
11.900000 -1.784538 4.313833 
11.910000 -1.741400 4.340896 
11.920000 -1.697991 4.367043 
11.930000 -1.654320 4.392268 
11.940000 -1.610398 4.416570 
11.950000 -1.566232 4.439945 
11.960000 -1.521832 4.462390 
11.970000 -1.477209 4.483902 
11.980000 -1.432370 4.504478 
11.990000 -1.387325 4.524117 
12.000000 -1.342084 4.542815 
12.010000 -1.296655 4.560571 
12.020000 -1.251050 4.577383 
12.030000 -1.205276 4.593249 
12.040000 -1.159343 4.608168 
12.050000 -1.113262 4.622139 
12.060000 -1.067040 4.635160 
12.070000 -1.020689 4.647230 
12.080000 -0.974216 4.658349 
12.090000 -0.927633 4.668517 
12.100000 -0.880948 4.677733 
12.110000 -0.834171 4.685996 
12.120000 -0.787311 4.693308 
12.130000 -0.740377 4.699667 
12.140000 -0.693381 4.705075 
12.150000 -0.646330 4.709533 
12.160000 -0.599235 4.713040 
12.170000 -0.552104 4.715599 
12.180000 -0.504948 4.717210 
12.190000 -0.457776 4.717874 
12.200000 -0.410597 4.717594 
12.210000 -0.363422 4.716371 
12.220000 -0.316258 4.714207 
12.230000 -0.269116 4.711103 
12.240000 -0.222005 4.707063 
12.250000 -0.174934 4.702089 
12.260000 -0.127913 4.696184 
12.270000 -0.080951 4.689350 
12.280000 -0.034058 4.681590 
12.290000 0.012758 4.672908 
12.300000 0.059487 4.663307 
12.310000 0.106120 4.652791 
12.320000 0.152648 4.641363 
12.330000 0.199062 4.629027 
12.340000 0.245352 4.615788 
12.350000 0.291510 4.601649 
12.360000 0.337526 4.586616 
12.370000 0.383393 4.570692 
12.380000 0.429099 4.553883 
12.390000 0.474638 4.536193 
12.400000 0.520000 4.517628 
12.410000 0.565176 4.498193 
12.420000 0.610158 4.477893 
12.430000 0.654937 4.456734 
12.440000 0.699505 4.434721 
12.450000 0.743852 4.411862 
12.460000 0.787970 4.388161 
12.470000 0.831852 4.363625 
12.480000 0.875488 4.338261 
12.490000 0.918871 4.312075 
12.500000 0.961992 4.285073 
12.510000 1.004842 4.257263 
12.520000 1.047415 4.228652 
12.530000 1.089702 4.199246 
12.540000 1.131694 4.169054 
12.550000 1.173385 4.138082 
12.560000 1.214765 4.106338 
12.570000 1.255829 4.073830 
12.580000 1.296567 4.040566 
12.590000 1.336973 4.006553 
12.600000 1.377038 3.971801 
12.610000 1.416756 3.936316 
12.620000 1.456119 3.900109 
12.630000 1.495121 3.863186 
12.640000 1.533752 3.825557 
12.650000 1.572008 3.787231 
12.660000 1.609880 3.748216 
12.670000 1.647362 3.708522 
12.680000 1.684448 3.668158 
12.690000 1.721129 3.627133 
12.700000 1.757401 3.585456 
12.710000 1.793255 3.543137 
12.720000 1.828687 3.500186 
12.730000 1.863688 3.456612 
12.740000 1.898254 3.412425 
12.750000 1.932379 3.367635 
12.760000 1.966055 3.322252 
12.770000 1.999278 3.276286 
12.780000 2.032040 3.229748 
12.790000 2.064338 3.182648 
12.800000 2.096164 3.134996 
12.810000 2.127514 3.086802 
12.820000 2.158382 3.038079 
12.830000 2.188763 2.988835 
12.840000 2.218652 2.939082 
12.850000 2.248042 2.888831 
12.860000 2.276931 2.838092 
12.870000 2.305312 2.786877 
12.880000 2.333180 2.735197 
12.890000 2.360532 2.683063 
12.900000 2.387363 2.630487 
12.910000 2.413668 2.577478 
12.920000 2.439443 2.524050 
12.930000 2.464683 2.470213 
12.940000 2.489385 2.415979 
12.950000 2.513545 2.361359 
12.960000 2.537159 2.306366 
12.970000 2.560222 2.251010 
12.980000 2.582732 2.195303 
12.990000 2.604685 2.139258 
13.000000 2.626078 2.082886 
13.010000 2.646907 2.026198 
13.020000 2.667169 1.969208 
13.030000 2.686861 1.911926 
13.040000 2.705980 1.854365 
13.050000 2.724524 1.796537 
13.060000 2.742489 1.738453 
13.070000 2.759874 1.680126 
13.080000 2.776675 1.621569 
13.090000 2.792891 1.562792 
13.100000 2.808519 1.503809 
13.110000 2.823557 1.444631 
13.120000 2.838003 1.385270 
13.130000 2.851856 1.325740 
13.140000 2.865113 1.266051 
13.150000 2.877774 1.206217 
13.160000 2.889836 1.146249 
13.170000 2.901298 1.086160 
13.180000 2.912160 1.025961 
13.190000 2.922419 0.965666 
13.200000 2.932076 0.905287 
13.210000 2.941129 0.844834 
13.220000 2.949577 0.784322 
13.230000 2.957421 0.723762 
13.240000 2.964658 0.663166 
13.250000 2.971290 0.602547 
13.260000 2.977315 0.541916 
13.270000 2.982734 0.481286 
13.280000 2.987547 0.420668 
13.290000 2.991754 0.360076 
13.300000 2.995355 0.299521 
13.310000 2.998350 0.239015 
13.320000 3.000740 0.178570 
13.330000 3.002526 0.118198 
13.340000 3.003708 0.057911 
13.350000 3.004287 -0.002279 
13.360000 3.004264 -0.062360 
13.370000 3.003640 -0.122321 
13.380000 3.002417 -0.182149 
13.390000 3.000596 -0.241833 
13.400000 2.998177 -0.301361 
13.410000 2.995164 -0.360722 
13.420000 2.991557 -0.419904 
13.430000 2.987358 -0.478895 
13.440000 2.982569 -0.537685 
13.450000 2.977192 -0.596261 
13.460000 2.971229 -0.654612 
13.470000 2.964683 -0.712727 
13.480000 2.957556 -0.770596 
13.490000 2.949850 -0.828206 
13.500000 2.941568 -0.885546 
13.510000 2.932712 -0.942606 
13.520000 2.923286 -0.999375 
13.530000 2.913292 -1.055842 
13.540000 2.902734 -1.111997 
13.550000 2.891614 -1.167827 
13.560000 2.879936 -1.223324 
13.570000 2.867703 -1.278476 
13.580000 2.854918 -1.333273 
13.590000 2.841585 -1.387705 
13.600000 2.827708 -1.441761 
13.610000 2.813290 -1.495432 
13.620000 2.798336 -1.548707 
13.630000 2.782849 -1.601576 
13.640000 2.766833 -1.654030 
13.650000 2.750293 -1.706059 
13.660000 2.733232 -1.757652 
13.670000 2.715656 -1.808802 
13.680000 2.697568 -1.859497 
13.690000 2.678973 -1.909729 
13.700000 2.659876 -1.959489 
13.710000 2.640281 -2.008768 
13.720000 2.620193 -2.057556 
13.730000 2.599617 -2.105845 
13.740000 2.578559 -2.153625 
13.750000 2.557023 -2.200889 
13.760000 2.535014 -2.247628 
13.770000 2.512538 -2.293833 
13.780000 2.489599 -2.339496 
13.790000 2.466204 -2.384609 
13.800000 2.442358 -2.429164 
13.810000 2.418067 -2.473153 
13.820000 2.393335 -2.516568 
13.830000 2.368169 -2.559401 
13.840000 2.342575 -2.601646 
13.850000 2.316559 -2.643294 
13.860000 2.290126 -2.684339 
13.870000 2.263283 -2.724773 
13.880000 2.236035 -2.764589 
13.890000 2.208389 -2.803780 
13.900000 2.180351 -2.842341 
13.910000 2.151928 -2.880263 
13.920000 2.123125 -2.917541 
13.930000 2.093950 -2.954168 
13.940000 2.064408 -2.990139 
13.950000 2.034507 -3.025447 
13.960000 2.004252 -3.060086 
13.970000 1.973651 -3.094051 
13.980000 1.942711 -3.127336 
13.990000 1.911437 -3.159935 
14.000000 1.879838 -3.191844 
14.010000 1.847920 -3.223057 
14.020000 1.815689 -3.253570 
14.030000 1.783153 -3.283376 
14.040000 1.750320 -3.312473 
14.050000 1.717195 -3.340854 
14.060000 1.683786 -3.368516 
14.070000 1.650101 -3.395455 
14.080000 1.616147 -3.421666 
14.090000 1.581930 -3.447146 
14.100000 1.547458 -3.471890 
14.110000 1.512740 -3.495895 
14.120000 1.477781 -3.519158 
14.130000 1.442589 -3.541676 
14.140000 1.407172 -3.563444 
14.150000 1.371538 -3.584461 
14.160000 1.335693 -3.604723 
14.170000 1.299646 -3.624227 
14.180000 1.263404 -3.642971 
14.190000 1.226974 -3.660954 
14.200000 1.190364 -3.678171 
14.210000 1.153583 -3.694622 
14.220000 1.116637 -3.710304 
14.230000 1.079534 -3.725217 
14.240000 1.042281 -3.739357 
14.250000 1.004888 -3.752724 
14.260000 0.967361 -3.765316 
14.270000 0.929707 -3.777133 
14.280000 0.891936 -3.788173 
14.290000 0.854054 -3.798435 
14.300000 0.816070 -3.807919 
14.310000 0.777991 -3.816625 
14.320000 0.739825 -3.824551 
14.330000 0.701579 -3.831699 
14.340000 0.663262 -3.838067 
14.350000 0.624881 -3.843656 
14.360000 0.586445 -3.848466 
14.370000 0.547960 -3.852498 
14.380000 0.509435 -3.855752 
14.390000 0.470878 -3.858230 
14.400000 0.432295 -3.859931 
14.410000 0.393696 -3.860857 
14.420000 0.355087 -3.861009 
14.430000 0.316477 -3.860389 
14.440000 0.277874 -3.858997 
14.450000 0.239284 -3.856837 
14.460000 0.200715 -3.853909 
14.470000 0.162176 -3.850215 
14.480000 0.123674 -3.845758 
14.490000 0.085216 -3.840540 
14.500000 0.046811 -3.834564 
14.510000 0.008465 -3.827831 
14.520000 -0.029813 -3.820344 
14.530000 -0.068016 -3.812107 
14.540000 -0.106138 -3.803123 
14.550000 -0.144169 -3.793394 
14.560000 -0.182103 -3.782924 
14.570000 -0.219932 -3.771716 
14.580000 -0.257649 -3.759774 
14.590000 -0.295247 -3.747101 
14.600000 -0.332718 -3.733702 
14.610000 -0.370055 -3.719580 
14.620000 -0.407251 -3.704740 
14.630000 -0.444298 -3.689186 
14.640000 -0.481190 -3.672921 
14.650000 -0.517919 -3.655952 
14.660000 -0.554479 -3.638281 
14.670000 -0.590861 -3.619915 
14.680000 -0.627061 -3.600858 
14.690000 -0.663069 -3.581115 
14.700000 -0.698880 -3.560692 
14.710000 -0.734487 -3.539593 
14.720000 -0.769883 -3.517824 
14.730000 -0.805061 -3.495390 
14.740000 -0.840015 -3.472298 
14.750000 -0.874738 -3.448553 
14.760000 -0.909224 -3.424162 
14.770000 -0.943465 -3.399129 
14.780000 -0.977457 -3.373461 
14.790000 -1.011191 -3.347165 
14.800000 -1.044663 -3.320247 
14.810000 -1.077865 -3.292713 
14.820000 -1.110793 -3.264571 
14.830000 -1.143438 -3.235826 
14.840000 -1.175797 -3.206485 
14.850000 -1.207861 -3.176556 
14.860000 -1.239627 -3.146046 
14.870000 -1.271087 -3.114961 
14.880000 -1.302237 -3.083310 
14.890000 -1.333070 -3.051098 
14.900000 -1.363581 -3.018335 
14.910000 -1.393765 -2.985026 
14.920000 -1.423615 -2.951181 
14.930000 -1.453127 -2.916806 
14.940000 -1.482295 -2.881910 
14.950000 -1.511114 -2.846500 
14.960000 -1.539579 -2.810585 
14.970000 -1.567685 -2.774172 
14.980000 -1.595426 -2.737270 
14.990000 -1.622799 -2.699887 
15.000000 -1.649798 -2.662032 
15.010000 -1.676418 -2.623712 
15.020000 -1.702655 -2.584936 
15.030000 -1.728505 -2.545713 
15.040000 -1.753962 -2.506051 
15.050000 -1.779022 -2.465960 
15.060000 -1.803682 -2.425448 
15.070000 -1.827936 -2.384523 
15.080000 -1.851782 -2.343195 
15.090000 -1.875214 -2.301473 
15.100000 -1.898228 -2.259366 
15.110000 -1.920822 -2.216883 
15.120000 -1.942991 -2.174033 
15.130000 -1.964731 -2.130825 
15.140000 -1.986039 -2.087268 
15.150000 -2.006912 -2.043373 
15.160000 -2.027346 -1.999148 
15.170000 -2.047337 -1.954603 
15.180000 -2.066883 -1.909747 
15.190000 -2.085981 -1.864590 
15.200000 -2.104627 -1.819141 
15.210000 -2.122818 -1.773410 
15.220000 -2.140552 -1.727407 
15.230000 -2.157826 -1.681141 
15.240000 -2.174638 -1.634622 
15.250000 -2.190984 -1.587860 
15.260000 -2.206862 -1.540865 
15.270000 -2.222271 -1.493646 
15.280000 -2.237208 -1.446213 
15.290000 -2.251670 -1.398577 
15.300000 -2.265655 -1.350746 
15.310000 -2.279163 -1.302731 
15.320000 -2.292190 -1.254543 
15.330000 -2.304736 -1.206190 
15.340000 -2.316798 -1.157683 
15.350000 -2.328374 -1.109031 
15.360000 -2.339465 -1.060246 
15.370000 -2.350067 -1.011336 
15.380000 -2.360181 -0.962312 
15.390000 -2.369804 -0.913184 
15.400000 -2.378936 -0.863961 
15.410000 -2.387575 -0.814655 
15.420000 -2.395722 -0.765274 
15.430000 -2.403374 -0.715829 
15.440000 -2.410533 -0.666330 
15.450000 -2.417196 -0.616787 
15.460000 -2.423364 -0.567209 
15.470000 -2.429036 -0.517607 
15.480000 -2.434212 -0.467991 
15.490000 -2.438892 -0.418371 
15.500000 -2.443076 -0.368757 
15.510000 -2.446763 -0.319158 
15.520000 -2.449955 -0.269584 
15.530000 -2.452651 -0.220046 
15.540000 -2.454851 -0.170553 
15.550000 -2.456557 -0.121114 
15.560000 -2.457768 -0.071741 
15.570000 -2.458485 -0.022442 
15.580000 -2.458710 0.026772 
15.590000 -2.458442 0.075893 
15.600000 -2.457683 0.124910 
15.610000 -2.456434 0.173814 
15.620000 -2.454696 0.222595 
15.630000 -2.452470 0.271244 
15.640000 -2.449757 0.319751 
15.650000 -2.446560 0.368106 
15.660000 -2.442879 0.416301 
15.670000 -2.438716 0.464326 
15.680000 -2.434072 0.512172 
15.690000 -2.428951 0.559829 
15.700000 -2.423352 0.607288 
15.710000 -2.417280 0.654541 
15.720000 -2.410734 0.701577 
15.730000 -2.403718 0.748389 
15.740000 -2.396235 0.794966 
15.750000 -2.388285 0.841301 
15.760000 -2.379872 0.887384 
15.770000 -2.370998 0.933207 
15.780000 -2.361666 0.978760 
15.790000 -2.351878 1.024036 
15.800000 -2.341638 1.069026 
15.810000 -2.330948 1.113720 
15.820000 -2.319811 1.158112 
15.830000 -2.308229 1.202192 
15.840000 -2.296207 1.245952 
15.850000 -2.283748 1.289384 
15.860000 -2.270854 1.332481 
15.870000 -2.257529 1.375233 
15.880000 -2.243777 1.417633 
15.890000 -2.229601 1.459673 
15.900000 -2.215004 1.501346 
15.910000 -2.199990 1.542643 
15.920000 -2.184564 1.583558 
15.930000 -2.168728 1.624082 
15.940000 -2.152488 1.664208 
15.950000 -2.135846 1.703930 
15.960000 -2.118806 1.743239 
15.970000 -2.101374 1.782128 
15.980000 -2.083553 1.820591 
15.990000 -2.065347 1.858621 
16.000000 -2.046760 1.896211 
16.010000 -2.027798 1.933354 
16.020000 -2.008465 1.970043 
16.030000 -1.988764 2.006272 
16.040000 -1.968702 2.042035 
16.050000 -1.948281 2.077325 
16.060000 -1.927508 2.112136 
16.070000 -1.906387 2.146462 
16.080000 -1.884922 2.180297 
16.090000 -1.863119 2.213635 
16.100000 -1.840983 2.246470 
16.110000 -1.818518 2.278796 
16.120000 -1.795730 2.310609 
16.130000 -1.772624 2.341903 
16.140000 -1.749205 2.372671 
16.150000 -1.725478 2.402910 
16.160000 -1.701449 2.432614 
16.170000 -1.677123 2.461777 
16.180000 -1.652505 2.490396 
16.190000 -1.627601 2.518466 
16.200000 -1.602417 2.545981 
16.210000 -1.576957 2.572937 
16.220000 -1.551227 2.599330 
16.230000 -1.525234 2.625156 
16.240000 -1.498983 2.650411 
16.250000 -1.472478 2.675089 
16.260000 -1.445728 2.699189 
16.270000 -1.418736 2.722705 
16.280000 -1.391509 2.745634 
16.290000 -1.364052 2.767973 
16.300000 -1.336373 2.789718 
16.310000 -1.308475 2.810866 
16.320000 -1.280367 2.831414 
16.330000 -1.252053 2.851359 
16.340000 -1.223539 2.870697 
16.350000 -1.194832 2.889426 
16.360000 -1.165938 2.907544 
16.370000 -1.136862 2.925048 
16.380000 -1.107612 2.941935 
16.390000 -1.078193 2.958203 
16.400000 -1.048610 2.973851 
16.410000 -1.018872 2.988875 
16.420000 -0.988983 3.003275 
16.430000 -0.958950 3.017048 
16.440000 -0.928780 3.030193 
16.450000 -0.898478 3.042708 
16.460000 -0.868051 3.054592 
16.470000 -0.837505 3.065844 
16.480000 -0.806847 3.076463 
16.490000 -0.776082 3.086447 
16.500000 -0.745218 3.095795 
16.510000 -0.714260 3.104508 
16.520000 -0.683214 3.112584 
16.530000 -0.652089 3.120023 
16.540000 -0.620888 3.126825 
16.550000 -0.589620 3.132989 
16.560000 -0.558290 3.138516 
16.570000 -0.526905 3.143404 
16.580000 -0.495471 3.147656 
16.590000 -0.463994 3.151270 
16.600000 -0.432482 3.154247 
16.610000 -0.400939 3.156588 
16.620000 -0.369373 3.158294 
16.630000 -0.337791 3.159365 
16.640000 -0.306197 3.159802 
16.650000 -0.274599 3.159606 
16.660000 -0.243003 3.158779 
16.670000 -0.211415 3.157322 
16.680000 -0.179842 3.155235 
16.690000 -0.148289 3.152522 
16.700000 -0.116764 3.149182 
16.710000 -0.085272 3.145219 
16.720000 -0.053820 3.140634 
16.730000 -0.022414 3.135429 
16.740000 0.008940 3.129607 
16.750000 0.040237 3.123169 
16.760000 0.071468 3.116118 
16.770000 0.102629 3.108456 
16.780000 0.133714 3.100187 
16.790000 0.164716 3.091312 
16.800000 0.195629 3.081835 
16.810000 0.226447 3.071759 
16.820000 0.257165 3.061086 
16.830000 0.287776 3.049821 
16.840000 0.318274 3.037966 
16.850000 0.348654 3.025524 
16.860000 0.378909 3.012500 
16.870000 0.409034 2.998897 
16.880000 0.439023 2.984718 
16.890000 0.468870 2.969969 
16.900000 0.498570 2.954651 
16.910000 0.528116 2.938771 
16.920000 0.557504 2.922331 
16.930000 0.586727 2.905336 
16.940000 0.615781 2.887791 
16.950000 0.644658 2.869700 
16.960000 0.673355 2.851067 
16.970000 0.701866 2.831898 
16.980000 0.730185 2.812197 
16.990000 0.758307 2.791969 
17.000000 0.786227 2.771218 
17.010000 0.813939 2.749951 
17.020000 0.841438 2.728173 
17.030000 0.868720 2.705888 
17.040000 0.895779 2.683101 
17.050000 0.922610 2.659820 
17.060000 0.949208 2.636048 
17.070000 0.975569 2.611792 
17.080000 1.001687 2.587057 
17.090000 1.027557 2.561849 
17.100000 1.053176 2.536174 
17.110000 1.078537 2.510038 
17.120000 1.103638 2.483447 
17.130000 1.128472 2.456408 
17.140000 1.153036 2.428925 
17.150000 1.177326 2.401007 
17.160000 1.201336 2.372658 
17.170000 1.225062 2.343886 
17.180000 1.248501 2.314697 
17.190000 1.271648 2.285098 
17.200000 1.294499 2.255095 
17.210000 1.317050 2.224694 
17.220000 1.339297 2.193904 
17.230000 1.361236 2.162730 
17.240000 1.382863 2.131180 
17.250000 1.404175 2.099261 
17.260000 1.425168 2.066978 
17.270000 1.445838 2.034341 
17.280000 1.466181 2.001356 
17.290000 1.486195 1.968029 
17.300000 1.505875 1.934369 
17.310000 1.525218 1.900383 
17.320000 1.544222 1.866078 
17.330000 1.562883 1.831461 
17.340000 1.581198 1.796541 
17.350000 1.599163 1.761324 
17.360000 1.616776 1.725818 
17.370000 1.634035 1.690031 
17.380000 1.650935 1.653970 
17.390000 1.667475 1.617643 
17.400000 1.683651 1.581059 
17.410000 1.699462 1.544223 
17.420000 1.714904 1.507146 
17.430000 1.729975 1.469833 
17.440000 1.744674 1.432294 
17.450000 1.758997 1.394536 
17.460000 1.772942 1.356567 
17.470000 1.786508 1.318395 
17.480000 1.799692 1.280028 
17.490000 1.812492 1.241474 
17.500000 1.824907 1.202742 
17.510000 1.836934 1.163838 
17.520000 1.848572 1.124772 
17.530000 1.859820 1.085551 
17.540000 1.870676 1.046183 
17.550000 1.881137 1.006677 
17.560000 1.891204 0.967041 
17.570000 1.900875 0.927283 
17.580000 1.910147 0.887411 
17.590000 1.919022 0.847433 
17.600000 1.927496 0.807358 
17.610000 1.935569 0.767193 
17.620000 1.943241 0.726947 
17.630000 1.950511 0.686629 
17.640000 1.957377 0.646245 
17.650000 1.963840 0.605805 
17.660000 1.969898 0.565317 
17.670000 1.975551 0.524788 
17.680000 1.980799 0.484228 
17.690000 1.985641 0.443643 
17.700000 1.990077 0.403043 
17.710000 1.994108 0.362435 
17.720000 1.997732 0.321828 
17.730000 2.000950 0.281230 
17.740000 2.003763 0.240649 
17.750000 2.006169 0.200092 
17.760000 2.008170 0.159569 
17.770000 2.009766 0.119086 
17.780000 2.010957 0.078653 
17.790000 2.011743 0.038276 
17.800000 2.012126 -0.002035 
17.810000 2.012106 -0.042274 
17.820000 2.011683 -0.082431 
17.830000 2.010859 -0.122500 
17.840000 2.009634 -0.162472 
17.850000 2.008009 -0.202340 
17.860000 2.005985 -0.242096 
17.870000 2.003565 -0.281731 
17.880000 2.000747 -0.321239 
17.890000 1.997535 -0.360611 
17.900000 1.993929 -0.399841 
17.910000 1.989930 -0.438920 
17.920000 1.985541 -0.477840 
17.930000 1.980763 -0.516596 
17.940000 1.975597 -0.555178 
17.950000 1.970045 -0.593579 
17.960000 1.964109 -0.631793 
17.970000 1.957791 -0.669812 
17.980000 1.951093 -0.707628 
17.990000 1.944017 -0.745234 
18.000000 1.936565 -0.782624 
18.010000 1.928738 -0.819790 
18.020000 1.920540 -0.856726 
18.030000 1.911973 -0.893423 
18.040000 1.903039 -0.929875 
18.050000 1.893740 -0.966077 
18.060000 1.884079 -1.002019 
18.070000 1.874059 -1.037697 
18.080000 1.863682 -1.073102 
18.090000 1.852951 -1.108230 
18.100000 1.841869 -1.143072 
18.110000 1.830438 -1.177624 
18.120000 1.818662 -1.211877 
18.130000 1.806543 -1.245827 
18.140000 1.794085 -1.279466 
18.150000 1.781290 -1.312789 
18.160000 1.768162 -1.345789 
18.170000 1.754704 -1.378461 
18.180000 1.740920 -1.410798 
18.190000 1.726812 -1.442795 
18.200000 1.712384 -1.474445 
18.210000 1.697639 -1.505744 
18.220000 1.682582 -1.536685 
18.230000 1.667215 -1.567264 
18.240000 1.651543 -1.597473 
18.250000 1.635568 -1.627309 
18.260000 1.619295 -1.656766 
18.270000 1.602727 -1.685838 
18.280000 1.585869 -1.714521 
18.290000 1.568723 -1.742810 
18.300000 1.551295 -1.770698 
18.310000 1.533588 -1.798183 
18.320000 1.515607 -1.825258 
18.330000 1.497354 -1.851920 
18.340000 1.478835 -1.878163 
18.350000 1.460053 -1.903984 
18.360000 1.441013 -1.929377 
18.370000 1.421720 -1.954338 
18.380000 1.402176 -1.978864 
18.390000 1.382388 -2.002950 
18.400000 1.362358 -2.026592 
18.410000 1.342092 -2.049785 
18.420000 1.321594 -2.072528 
18.430000 1.300869 -2.094815 
18.440000 1.279921 -2.116642 
18.450000 1.258754 -2.138007 
18.460000 1.237374 -2.158907 
18.470000 1.215785 -2.179336 
18.480000 1.193992 -2.199293 
18.490000 1.171999 -2.218774 
18.500000 1.149811 -2.237777 
18.510000 1.127433 -2.256298 
18.520000 1.104870 -2.274334 
18.530000 1.082127 -2.291882 
18.540000 1.059208 -2.308941 
18.550000 1.036119 -2.325507 
18.560000 1.012864 -2.341579 
18.570000 0.989448 -2.357153 
18.580000 0.965877 -2.372228 
18.590000 0.942154 -2.386801 
18.600000 0.918286 -2.400870 
18.610000 0.894278 -2.414434 
18.620000 0.870133 -2.427491 
18.630000 0.845858 -2.440039 
18.640000 0.821458 -2.452076 
18.650000 0.796937 -2.463601 
18.660000 0.772301 -2.474612 
18.670000 0.747555 -2.485109 
18.680000 0.722704 -2.495090 
18.690000 0.697753 -2.504554 
18.700000 0.672707 -2.513500 
18.710000 0.647572 -2.521927 
18.720000 0.622353 -2.529834 
18.730000 0.597055 -2.537222 
18.740000 0.571683 -2.544088 
18.750000 0.546242 -2.550434 
18.760000 0.520737 -2.556258 
18.770000 0.495175 -2.561560 
18.780000 0.469559 -2.566341 
18.790000 0.443896 -2.570599 
18.800000 0.418190 -2.574336 
18.810000 0.392446 -2.577551 
18.820000 0.366671 -2.580245 
18.830000 0.340869 -2.582418 
18.840000 0.315044 -2.584070 
18.850000 0.289204 -2.585203 
18.860000 0.263352 -2.585817 
18.870000 0.237493 -2.585912 
18.880000 0.211634 -2.585490 
18.890000 0.185779 -2.584552 
18.900000 0.159934 -2.583098 
18.910000 0.134103 -2.581131 
18.920000 0.108292 -2.578651 
18.930000 0.082505 -2.575659 
18.940000 0.056749 -2.572158 
18.950000 0.031027 -2.568148 
18.960000 0.005345 -2.563633 
18.970000 -0.020291 -2.558612 
18.980000 -0.045877 -2.553089 
18.990000 -0.071408 -2.547066 
19.000000 -0.096879 -2.540543 
19.010000 -0.122284 -2.533525 
19.020000 -0.147619 -2.526012 
19.030000 -0.172879 -2.518008 
19.040000 -0.198059 -2.509514 
19.050000 -0.223155 -2.500534 
19.060000 -0.248160 -2.491070 
19.070000 -0.273071 -2.481124 
19.080000 -0.297882 -2.470701 
19.090000 -0.322589 -2.459802 
19.100000 -0.347187 -2.448430 
19.110000 -0.371671 -2.436590 
19.120000 -0.396037 -2.424283 
19.130000 -0.420280 -2.411514 
19.140000 -0.444395 -2.398285 
19.150000 -0.468378 -2.384601 
19.160000 -0.492224 -2.370464 
19.170000 -0.515928 -2.355878 
19.180000 -0.539487 -2.340848 
19.190000 -0.562896 -2.325377 
19.200000 -0.586150 -2.309468 
19.210000 -0.609244 -2.293126 
19.220000 -0.632175 -2.276355 
19.230000 -0.654939 -2.259159 
19.240000 -0.677531 -2.241542 
19.250000 -0.699946 -2.223508 
19.260000 -0.722181 -2.205062 
19.270000 -0.744232 -2.186208 
19.280000 -0.766094 -2.166951 
19.290000 -0.787763 -2.147295 
19.300000 -0.809236 -2.127245 
19.310000 -0.830509 -2.106806 
19.320000 -0.851577 -2.085982 
19.330000 -0.872437 -2.064779 
19.340000 -0.893084 -2.043201 
19.350000 -0.913516 -2.021253 
19.360000 -0.933729 -1.998940 
19.370000 -0.953718 -1.976267 
19.380000 -0.973481 -1.953240 
19.390000 -0.993013 -1.929864 
19.400000 -1.012312 -1.906144 
19.410000 -1.031373 -1.882086 
19.420000 -1.050194 -1.857694 
19.430000 -1.068771 -1.832975 
19.440000 -1.087101 -1.807934 
19.450000 -1.105180 -1.782576 
19.460000 -1.123006 -1.756907 
19.470000 -1.140575 -1.730933 
19.480000 -1.157885 -1.704660 
19.490000 -1.174931 -1.678093 
19.500000 -1.191712 -1.651238 
19.510000 -1.208224 -1.624101 
19.520000 -1.224465 -1.596688 
19.530000 -1.240432 -1.569006 
19.540000 -1.256122 -1.541059 
19.550000 -1.271533 -1.512854 
19.560000 -1.286661 -1.484398 
19.570000 -1.301505 -1.455696 
19.580000 -1.316062 -1.426755 
19.590000 -1.330330 -1.397580 
19.600000 -1.344306 -1.368178 
19.610000 -1.357988 -1.338556 
19.620000 -1.371373 -1.308719 
19.630000 -1.384460 -1.278674 
19.640000 -1.397247 -1.248427 
19.650000 -1.409731 -1.217985 
19.660000 -1.421911 -1.187355 
19.670000 -1.433785 -1.156542 
19.680000 -1.445350 -1.125553 
19.690000 -1.456606 -1.094395 
19.700000 -1.467550 -1.063074 
19.710000 -1.478180 -1.031597 
19.720000 -1.488496 -0.999970 
19.730000 -1.498496 -0.968200 
19.740000 -1.508178 -0.936294 
19.750000 -1.517541 -0.904258 
19.760000 -1.526584 -0.872098 
19.770000 -1.535305 -0.839823 
19.780000 -1.543703 -0.807437 
19.790000 -1.551777 -0.774948 
19.800000 -1.559527 -0.742363 
19.810000 -1.566950 -0.709687 
19.820000 -1.574047 -0.676929 
19.830000 -1.580816 -0.644094 
19.840000 -1.587257 -0.611190 
19.850000 -1.593369 -0.578222 
19.860000 -1.599151 -0.545198 
19.870000 -1.604603 -0.512125 
19.880000 -1.609725 -0.479008 
19.890000 -1.614515 -0.445856 
19.900000 -1.618973 -0.412674 
19.910000 -1.623100 -0.379469 
19.920000 -1.626895 -0.346248 
19.930000 -1.630357 -0.313018 
19.940000 -1.633487 -0.279785 
19.950000 -1.636285 -0.246555 
19.960000 -1.638751 -0.213336 
19.970000 -1.640884 -0.180135 
19.980000 -1.642686 -0.146957 
19.990000 -1.644155 -0.113809 
20.000000 -1.645293 -0.080699 
20.010000 -1.646100 -0.047631 
20.020000 -1.646576 -0.014614 
20.030000 -1.646723 0.018347 
20.040000 -1.646539 0.051245 
20.050000 -1.646027 0.084073 
20.060000 -1.645186 0.116825 
20.070000 -1.644018 0.149495 
20.080000 -1.642523 0.182077 
20.090000 -1.640702 0.214563 
20.100000 -1.638556 0.246948 
20.110000 -1.636087 0.279225 
20.120000 -1.633295 0.311388 
20.130000 -1.630181 0.343432 
20.140000 -1.626746 0.375348 
20.150000 -1.622993 0.407132 
20.160000 -1.618922 0.438778 
20.170000 -1.614534 0.470279 
20.180000 -1.609831 0.501629 
20.190000 -1.604815 0.532822 
20.200000 -1.599487 0.563853 
20.210000 -1.593848 0.594715 
20.220000 -1.587901 0.625403 
20.230000 -1.581647 0.655910 
20.240000 -1.575088 0.686231 
20.250000 -1.568225 0.716360 
20.260000 -1.561062 0.746292 
20.270000 -1.553599 0.776021 
20.280000 -1.545839 0.805541 
20.290000 -1.537783 0.834846 
20.300000 -1.529435 0.863932 
20.310000 -1.520796 0.892793 
20.320000 -1.511868 0.921423 
20.330000 -1.502653 0.949818 
20.340000 -1.493155 0.977971 
20.350000 -1.483375 1.005879 
20.360000 -1.473317 1.033534 
20.370000 -1.462981 1.060934 
20.380000 -1.452372 1.088071 
20.390000 -1.441491 1.114943 
20.400000 -1.430342 1.141543 
20.410000 -1.418926 1.167866 
20.420000 -1.407248 1.193909 
20.430000 -1.395309 1.219666 
20.440000 -1.383112 1.245133 
20.450000 -1.370661 1.270305 
20.460000 -1.357958 1.295178 
20.470000 -1.345006 1.319746 
20.480000 -1.331808 1.344007 
20.490000 -1.318368 1.367955 
20.500000 -1.304689 1.391587 
20.510000 -1.290773 1.414897 
20.520000 -1.276624 1.437883 
20.530000 -1.262245 1.460540 
20.540000 -1.247640 1.482864 
20.550000 -1.232811 1.504851 
20.560000 -1.217763 1.526497 
20.570000 -1.202498 1.547799 
20.580000 -1.187020 1.568754 
20.590000 -1.171332 1.589357 
20.600000 -1.155438 1.609605 
20.610000 -1.139342 1.629494 
20.620000 -1.123048 1.649022 
20.630000 -1.106557 1.668185 
20.640000 -1.089875 1.686980 
20.650000 -1.073006 1.705403 
20.660000 -1.055952 1.723452 
20.670000 -1.038717 1.741125 
20.680000 -1.021306 1.758417 
20.690000 -1.003722 1.775326 
20.700000 -0.985968 1.791850 
20.710000 -0.968050 1.807985 
20.720000 -0.949970 1.823730 
20.730000 -0.931733 1.839082 
20.740000 -0.913342 1.854039 
20.750000 -0.894802 1.868598 
20.760000 -0.876116 1.882756 
20.770000 -0.857288 1.896513 
20.780000 -0.838323 1.909866 
20.790000 -0.819224 1.922813 
20.800000 -0.799996 1.935352 
20.810000 -0.780643 1.947481 
20.820000 -0.761168 1.959199 
20.830000 -0.741576 1.970504 
20.840000 -0.721871 1.981394 
20.850000 -0.702057 1.991869 
20.860000 -0.682138 2.001926 
20.870000 -0.662119 2.011565 
20.880000 -0.642003 2.020784 
20.890000 -0.621795 2.029583 
20.900000 -0.601500 2.037960 
20.910000 -0.581120 2.045914 
20.920000 -0.560661 2.053444 
20.930000 -0.540126 2.060551 
20.940000 -0.519521 2.067232 
20.950000 -0.498849 2.073488 
20.960000 -0.478114 2.079318 
20.970000 -0.457320 2.084722 
20.980000 -0.436473 2.089699 
20.990000 -0.415576 2.094249 
21.000000 -0.394634 2.098372 
21.010000 -0.373650 2.102068 
21.020000 -0.352629 2.105336 
21.030000 -0.331576 2.108178 
21.040000 -0.310494 2.110594 
21.050000 -0.289388 2.112582 
21.060000 -0.268262 2.114145 
21.070000 -0.247121 2.115282 
21.080000 -0.225968 2.115994 
21.090000 -0.204808 2.116281 
21.100000 -0.183645 2.116145 
21.110000 -0.162484 2.115585 
21.120000 -0.141328 2.114604 
21.130000 -0.120182 2.113201 
21.140000 -0.099050 2.111378 
21.150000 -0.077936 2.109137 
21.160000 -0.056845 2.106477 
21.170000 -0.035780 2.103401 
21.180000 -0.014746 2.099910 
21.190000 0.006253 2.096005 
21.200000 0.027213 2.091688 
21.210000 0.048130 2.086960 
21.220000 0.068999 2.081824 
21.230000 0.089818 2.076280 
21.240000 0.110580 2.070331 
21.250000 0.131284 2.063979 
21.260000 0.151924 2.057225 
21.270000 0.172496 2.050072 
21.280000 0.192997 2.042522 
21.290000 0.213422 2.034577 
21.300000 0.233768 2.026240 
21.310000 0.254030 2.017512 
21.320000 0.274205 2.008396 
21.330000 0.294289 1.998895 
21.340000 0.314278 1.989012 
21.350000 0.334168 1.978748 
21.360000 0.353956 1.968107 
21.370000 0.373637 1.957092 
21.380000 0.393208 1.945705 
21.390000 0.412665 1.933950 
21.400000 0.432004 1.921828 
21.410000 0.451222 1.909345 
21.420000 0.470316 1.896501 
21.430000 0.489281 1.883302 
21.440000 0.508114 1.869750 
21.450000 0.526811 1.855848 
21.460000 0.545370 1.841600 
21.470000 0.563786 1.827010 
21.480000 0.582056 1.812080 
21.490000 0.600177 1.796815 
21.500000 0.618145 1.781217 
21.510000 0.635957 1.765292 
21.520000 0.653610 1.749042 
21.530000 0.671100 1.732472 
21.540000 0.688425 1.715585 
21.550000 0.705581 1.698385 
21.560000 0.722565 1.680877 
21.570000 0.739374 1.663064 
21.580000 0.756004 1.644950 
21.590000 0.772454 1.626540 
21.600000 0.788719 1.607838 
21.610000 0.804798 1.588848 
21.620000 0.820686 1.569575 
21.630000 0.836382 1.550022 
21.640000 0.851882 1.530194 
21.650000 0.867184 1.510096 
21.660000 0.882285 1.489732 
21.670000 0.897182 1.469107 
21.680000 0.911873 1.448225 
21.690000 0.926356 1.427091 
21.700000 0.940626 1.405710 
21.710000 0.954684 1.384086 
21.720000 0.968524 1.362224 
21.730000 0.982147 1.340129 
21.740000 0.995548 1.317806 
21.750000 1.008726 1.295259 
21.760000 1.021679 1.272494 
21.770000 1.034404 1.249516 
21.780000 1.046899 1.226329 
21.790000 1.059162 1.202938 
21.800000 1.071191 1.179349 
21.810000 1.082985 1.155566 
21.820000 1.094541 1.131596 
21.830000 1.105856 1.107442 
21.840000 1.116931 1.083110 
21.850000 1.127762 1.058605 
21.860000 1.138348 1.033932 
21.870000 1.148687 1.009097 
21.880000 1.158778 0.984106 
21.890000 1.168619 0.958962 
21.900000 1.178209 0.933671 
21.910000 1.187546 0.908240 
21.920000 1.196628 0.882673 
21.930000 1.205455 0.856975 
21.940000 1.214025 0.831152 
21.950000 1.222336 0.805209 
21.960000 1.230388 0.779152 
21.970000 1.238180 0.752986 
21.980000 1.245710 0.726716 
21.990000 1.252977 0.700348 
22.000000 1.259980 0.673888 
22.010000 1.266719 0.647341 
22.020000 1.273192 0.620712 
22.030000 1.279400 0.594006 
22.040000 1.285340 0.567230 
22.050000 1.291012 0.540389 
22.060000 1.296416 0.513488 
22.070000 1.301551 0.486533 
22.080000 1.306416 0.459529 
22.090000 1.311011 0.432481 
22.100000 1.315336 0.405396 
22.110000 1.319390 0.378279 
22.120000 1.323173 0.351134 
22.130000 1.326684 0.323969 
22.140000 1.329924 0.296787 
22.150000 1.332892 0.269595 
22.160000 1.335588 0.242398 
22.170000 1.338012 0.215201 
22.180000 1.340164 0.188011 
22.190000 1.342044 0.160831 
22.200000 1.343652 0.133669 
22.210000 1.344989 0.106528 
22.220000 1.346054 0.079416 
22.230000 1.346848 0.052336 
22.240000 1.347372 0.025294 
22.250000 1.347625 -0.001704 
22.260000 1.347608 -0.028653 
22.270000 1.347321 -0.055548 
22.280000 1.346766 -0.082383 
22.290000 1.345942 -0.109154 
22.300000 1.344850 -0.135854 
22.310000 1.343492 -0.162480 
22.320000 1.341867 -0.189024 
22.330000 1.339977 -0.215484 
22.340000 1.337822 -0.241852 
22.350000 1.335403 -0.268125 
22.360000 1.332722 -0.294297 
22.370000 1.329779 -0.320363 
22.380000 1.326575 -0.346318 
22.390000 1.323112 -0.372156 
22.400000 1.319391 -0.397874 
22.410000 1.315412 -0.423466 
22.420000 1.311177 -0.448928 
22.430000 1.306688 -0.474253 
22.440000 1.301945 -0.499439 
22.450000 1.296951 -0.524479 
22.460000 1.291706 -0.549369 
22.470000 1.286213 -0.574104 
22.480000 1.280472 -0.598680 
22.490000 1.274485 -0.623092 
22.500000 1.268254 -0.647336 
22.510000 1.261780 -0.671406 
22.520000 1.255066 -0.695299 
22.530000 1.248113 -0.719010 
22.540000 1.240923 -0.742534 
22.550000 1.233498 -0.765867 
22.560000 1.225839 -0.789006 
22.570000 1.217949 -0.811944 
22.580000 1.209830 -0.834679 
22.590000 1.201483 -0.857207 
22.600000 1.192911 -0.879522 
22.610000 1.184116 -0.901621 
22.620000 1.175100 -0.923500 
22.630000 1.165865 -0.945155 
22.640000 1.156413 -0.966582 
22.650000 1.146747 -0.987777 
22.660000 1.136869 -1.008737 
22.670000 1.126782 -1.029457 
22.680000 1.116487 -1.049933 
22.690000 1.105988 -1.070163 
22.700000 1.095286 -1.090143 
22.710000 1.084385 -1.109868 
22.720000 1.073286 -1.129336 
22.730000 1.061993 -1.148543 
22.740000 1.050508 -1.167486 
22.750000 1.038833 -1.186161 
22.760000 1.026971 -1.204565 
22.770000 1.014925 -1.222696 
22.780000 1.002699 -1.240549 
22.790000 0.990293 -1.258122 
22.800000 0.977712 -1.275411 
22.810000 0.964958 -1.292415 
22.820000 0.952034 -1.309129 
22.830000 0.938942 -1.325551 
22.840000 0.925687 -1.341679 
22.850000 0.912270 -1.357509 
22.860000 0.898695 -1.373040 
22.870000 0.884964 -1.388268 
22.880000 0.871082 -1.403190 
22.890000 0.857050 -1.417806 
22.900000 0.842872 -1.432111 
22.910000 0.828551 -1.446104 
22.920000 0.814090 -1.459783 
22.930000 0.799492 -1.473145 
22.940000 0.784760 -1.486189 
22.950000 0.769898 -1.498912 
22.960000 0.754909 -1.511312 
22.970000 0.739796 -1.523387 
22.980000 0.724562 -1.535137 
22.990000 0.709211 -1.546558 
23.000000 0.693745 -1.557649 
23.010000 0.678169 -1.568408 
23.020000 0.662485 -1.578835 
23.030000 0.646697 -1.588927 
23.040000 0.630807 -1.598683 
23.050000 0.614820 -1.608102 
23.060000 0.598739 -1.617182 
23.070000 0.582568 -1.625922 
23.080000 0.566308 -1.634322 
23.090000 0.549965 -1.642379 
23.100000 0.533541 -1.650094 
23.110000 0.517040 -1.657465 
23.120000 0.500466 -1.664490 
23.130000 0.483821 -1.671171 
23.140000 0.467109 -1.677505 
23.150000 0.450334 -1.683492 
23.160000 0.433499 -1.689132 
23.170000 0.416608 -1.694423 
23.180000 0.399664 -1.699367 
23.190000 0.382670 -1.703961 
23.200000 0.365630 -1.708207 
23.210000 0.348548 -1.712103 
23.220000 0.331427 -1.715650 
23.230000 0.314271 -1.718847 
23.240000 0.297082 -1.721695 
23.250000 0.279865 -1.724193 
23.260000 0.262623 -1.726342 
23.270000 0.245360 -1.728142 
23.280000 0.228079 -1.729593 
23.290000 0.210783 -1.730695 
23.300000 0.193476 -1.731449 
23.310000 0.176161 -1.731856 
23.320000 0.158843 -1.731915 
23.330000 0.141523 -1.731628 
23.340000 0.124207 -1.730996 
23.350000 0.106897 -1.730018 
23.360000 0.089597 -1.728696 
23.370000 0.072310 -1.727030 
23.380000 0.055040 -1.725022 
23.390000 0.037790 -1.722673 
23.400000 0.020563 -1.719984 
23.410000 0.003363 -1.716955 
23.420000 -0.013807 -1.713588 
23.430000 -0.030942 -1.709885 
23.440000 -0.048041 -1.705846 
23.450000 -0.065100 -1.701474 
23.460000 -0.082114 -1.696769 
23.470000 -0.099082 -1.691733 
23.480000 -0.115999 -1.686368 
23.490000 -0.132863 -1.680675 
23.500000 -0.149670 -1.674657 
23.510000 -0.166416 -1.668314 
23.520000 -0.183100 -1.661649 
23.530000 -0.199716 -1.654664 
23.540000 -0.216263 -1.647360 
23.550000 -0.232736 -1.639740 
23.560000 -0.249134 -1.631806 
23.570000 -0.265452 -1.623559 
23.580000 -0.281687 -1.615003 
23.590000 -0.297837 -1.606140 
23.600000 -0.313899 -1.596971 
23.610000 -0.329869 -1.587499 
23.620000 -0.345743 -1.577726 
23.630000 -0.361521 -1.567656 
23.640000 -0.377197 -1.557290 
23.650000 -0.392770 -1.546632 
23.660000 -0.408237 -1.535683 
23.670000 -0.423593 -1.524447 
23.680000 -0.438838 -1.512926 
23.690000 -0.453967 -1.501124 
23.700000 -0.468978 -1.489042 
23.710000 -0.483869 -1.476684 
23.720000 -0.498636 -1.464054 
23.730000 -0.513276 -1.451153 
23.740000 -0.527788 -1.437985 
23.750000 -0.542167 -1.424553 
23.760000 -0.556413 -1.410861 
23.770000 -0.570522 -1.396911 
23.780000 -0.584491 -1.382706 
23.790000 -0.598318 -1.368251 
23.800000 -0.612000 -1.353548 
23.810000 -0.625536 -1.338601 
23.820000 -0.638922 -1.323413 
23.830000 -0.652156 -1.307988 
23.840000 -0.665236 -1.292329 
23.850000 -0.678159 -1.276440 
23.860000 -0.690924 -1.260324 
23.870000 -0.703527 -1.243984 
23.880000 -0.715967 -1.227426 
23.890000 -0.728241 -1.210652 
23.900000 -0.740347 -1.193666 
23.910000 -0.752284 -1.176471 
23.920000 -0.764049 -1.159073 
23.930000 -0.775639 -1.141474 
23.940000 -0.787054 -1.123678 
23.950000 -0.798291 -1.105689 
23.960000 -0.809348 -1.087512 
23.970000 -0.820223 -1.069150 
23.980000 -0.830915 -1.050608 
23.990000 -0.841421 -1.031888 
24.000000 -0.851739 -1.012996 
24.010000 -0.861869 -0.993935 
24.020000 -0.871809 -0.974710 
24.030000 -0.881556 -0.955324 
24.040000 -0.891109 -0.935782 
24.050000 -0.900467 -0.916089 
24.060000 -0.909628 -0.896247 
24.070000 -0.918590 -0.876262 
24.080000 -0.927353 -0.856138 
24.090000 -0.935914 -0.835878 
24.100000 -0.944273 -0.815488 
24.110000 -0.952428 -0.794972 
24.120000 -0.960378 -0.774333 
24.130000 -0.968121 -0.753577 
24.140000 -0.975657 -0.732708 
24.150000 -0.982984 -0.711729 
24.160000 -0.990101 -0.690646 
24.170000 -0.997008 -0.669463 
24.180000 -1.003702 -0.648184 
24.190000 -1.010184 -0.626813 
24.200000 -1.016452 -0.605356 
24.210000 -1.022506 -0.583816 
24.220000 -1.028344 -0.562198 
24.230000 -1.033966 -0.540507 
24.240000 -1.039371 -0.518747 
24.250000 -1.044558 -0.496922 
24.260000 -1.049528 -0.475037 
24.270000 -1.054278 -0.453096 
24.280000 -1.058809 -0.431104 
24.290000 -1.063120 -0.409066 
24.300000 -1.067211 -0.386986 
24.310000 -1.071081 -0.364867 
24.320000 -1.074729 -0.342716 
24.330000 -1.078156 -0.320536 
24.340000 -1.081362 -0.298332 
24.350000 -1.084345 -0.276108 
24.360000 -1.087106 -0.253869 
24.370000 -1.089645 -0.231619 
24.380000 -1.091961 -0.209363 
24.390000 -1.094055 -0.187105 
24.400000 -1.095926 -0.164850 
24.410000 -1.097574 -0.142601 
24.420000 -1.099000 -0.120365 
24.430000 -1.100204 -0.098144 
24.440000 -1.101185 -0.075944 
24.450000 -1.101945 -0.053768 
24.460000 -1.102482 -0.031621 
24.470000 -1.102799 -0.009509 
24.480000 -1.102894 0.012566 
24.490000 -1.102768 0.034599 
24.500000 -1.102422 0.056585 
24.510000 -1.101856 0.078521 
24.520000 -1.101071 0.100401 
24.530000 -1.100067 0.122221 
24.540000 -1.098845 0.143978 
24.550000 -1.097405 0.165667 
24.560000 -1.095748 0.187284 
24.570000 -1.093875 0.208824 
24.580000 -1.091787 0.230284 
24.590000 -1.089484 0.251659 
24.600000 -1.086968 0.272946 
24.610000 -1.084238 0.294139 
24.620000 -1.081297 0.315236 
24.630000 -1.078145 0.336231 
24.640000 -1.074782 0.357122 
24.650000 -1.071211 0.377903 
24.660000 -1.067432 0.398571 
24.670000 -1.063446 0.419123 
24.680000 -1.059255 0.439554 
24.690000 -1.054860 0.459860 
24.700000 -1.050261 0.480037 
24.710000 -1.045461 0.500082 
24.720000 -1.040460 0.519991 
24.730000 -1.035260 0.539760 
24.740000 -1.029862 0.559386 
24.750000 -1.024268 0.578865 
24.760000 -1.018480 0.598192 
24.770000 -1.012498 0.617365 
24.780000 -1.006324 0.636381 
24.790000 -0.999960 0.655234 
24.800000 -0.993408 0.673923 
24.810000 -0.986669 0.692443 
24.820000 -0.979744 0.710792 
24.830000 -0.972636 0.728965 
24.840000 -0.965347 0.746960 
24.850000 -0.957877 0.764773 
24.860000 -0.950229 0.782401 
24.870000 -0.942405 0.799841 
24.880000 -0.934407 0.817089 
24.890000 -0.926236 0.834143 
24.900000 -0.917895 0.851000 
24.910000 -0.909385 0.867656 
24.920000 -0.900708 0.884108 
24.930000 -0.891867 0.900354 
24.940000 -0.882864 0.916390 
24.950000 -0.873700 0.932215 
24.960000 -0.864378 0.947825 
24.970000 -0.854899 0.963216 
24.980000 -0.845267 0.978388 
24.990000 -0.835483 0.993337 
25.000000 -0.825550 1.008060 
25.010000 -0.815469 1.022554 
25.020000 -0.805244 1.036819 
25.030000 -0.794876 1.050850 
25.040000 -0.784367 1.064646 
25.050000 -0.773721 1.078204 
25.060000 -0.762939 1.091522 
25.070000 -0.752023 1.104598 
25.080000 -0.740977 1.117429 
25.090000 -0.729803 1.130013 
25.100000 -0.718503 1.142350 
25.110000 -0.707079 1.154435 
25.120000 -0.695535 1.166268 
25.130000 -0.683872 1.177846 
25.140000 -0.672094 1.189168 
25.150000 -0.660202 1.200231 
25.160000 -0.648200 1.211035 
25.170000 -0.636090 1.221577 
25.180000 -0.623874 1.231855 
25.190000 -0.611555 1.241869 
25.200000 -0.599137 1.251616 
25.210000 -0.586620 1.261096 
25.220000 -0.574009 1.270306 
25.230000 -0.561306 1.279246 
25.240000 -0.548514 1.287913 
25.250000 -0.535635 1.296308 
25.260000 -0.522672 1.304428 
25.270000 -0.509627 1.312272 
25.280000 -0.496505 1.319840 
25.290000 -0.483306 1.327131 
25.300000 -0.470035 1.334143 
25.310000 -0.456694 1.340875 
25.320000 -0.443285 1.347327 
25.330000 -0.429812 1.353498 
25.340000 -0.416277 1.359387 
25.350000 -0.402683 1.364994 
25.360000 -0.389033 1.370318 
25.370000 -0.375330 1.375358 
25.380000 -0.361576 1.380114 
25.390000 -0.347775 1.384585 
25.400000 -0.333929 1.388771 
25.410000 -0.320041 1.392672 
25.420000 -0.306115 1.396288 
25.430000 -0.292152 1.399618 
25.440000 -0.278156 1.402661 
25.450000 -0.264129 1.405419 
25.460000 -0.250075 1.407891 
25.470000 -0.235996 1.410077 
25.480000 -0.221895 1.411976 
25.490000 -0.207775 1.413590 
25.500000 -0.193639 1.414919 
25.510000 -0.179490 1.415962 
25.520000 -0.165331 1.416720 
25.530000 -0.151163 1.417193 
25.540000 -0.136991 1.417382 
25.550000 -0.122818 1.417287 
25.560000 -0.108645 1.416908 
25.570000 -0.094476 1.416248 
25.580000 -0.080313 1.415305 
25.590000 -0.066160 1.414080 
25.600000 -0.052019 1.412575 
25.610000 -0.037894 1.410790 
25.620000 -0.023786 1.408727 
25.630000 -0.009698 1.406385 
25.640000 0.004365 1.403766 
25.650000 0.018403 1.400871 
25.660000 0.032412 1.397702 
25.670000 0.046389 1.394258 
25.680000 0.060331 1.390542 
25.690000 0.074237 1.386554 
25.700000 0.088102 1.382296 
25.710000 0.101925 1.377769 
25.720000 0.115703 1.372975 
25.730000 0.129433 1.367915 
25.740000 0.143112 1.362591 
25.750000 0.156738 1.357004 
25.760000 0.170308 1.351155 
25.770000 0.183819 1.345046 
25.780000 0.197270 1.338680 
25.790000 0.210657 1.332057 
25.800000 0.223977 1.325180 
25.810000 0.237229 1.318050 
25.820000 0.250410 1.310669 
25.830000 0.263516 1.303040 
25.840000 0.276547 1.295163 
25.850000 0.289498 1.287042 
25.860000 0.302369 1.278678 
25.870000 0.315155 1.270073 
25.880000 0.327856 1.261230 
25.890000 0.340468 1.252150 
25.900000 0.352990 1.242837 
25.910000 0.365418 1.233291 
25.920000 0.377751 1.223516 
25.930000 0.389986 1.213514 
25.940000 0.402122 1.203288 
25.950000 0.414154 1.192838 
25.960000 0.426083 1.182170 
25.970000 0.437905 1.171284 
25.980000 0.449617 1.160183 
25.990000 0.461219 1.148870 
26.000000 0.472708 1.137348 
26.010000 0.484081 1.125619 
26.020000 0.495338 1.113687 
26.030000 0.506474 1.101552 
26.040000 0.517490 1.089220 
26.050000 0.528382 1.076692 
26.060000 0.539149 1.063971 
26.070000 0.549789 1.051060 
26.080000 0.560299 1.037962 
26.090000 0.570679 1.024680 
26.100000 0.580926 1.011217 
26.110000 0.591038 0.997576 
26.120000 0.601014 0.983760 
26.130000 0.610851 0.969772 
26.140000 0.620549 0.955616 
26.150000 0.630105 0.941293 
26.160000 0.639518 0.926809 
26.170000 0.648786 0.912165 
26.180000 0.657908 0.897365 
26.190000 0.666882 0.882412 
26.200000 0.675706 0.867309 
26.210000 0.684379 0.852061 
26.220000 0.692899 0.836669 
26.230000 0.701266 0.821138 
26.240000 0.709477 0.805470 
26.250000 0.717532 0.789670 
26.260000 0.725429 0.773740 
26.270000 0.733166 0.757683 
26.280000 0.740743 0.741505 
26.290000 0.748158 0.725207 
26.300000 0.755410 0.708793 
26.310000 0.762498 0.692268 
26.320000 0.769421 0.675633 
26.330000 0.776177 0.658893 
26.340000 0.782766 0.642052 
26.350000 0.789187 0.625113 
26.360000 0.795438 0.608079 
26.370000 0.801518 0.590954 
26.380000 0.807428 0.573741 
26.390000 0.813165 0.556445 
26.400000 0.818730 0.539069 
26.410000 0.824121 0.521617 
26.420000 0.829337 0.504091 
26.430000 0.834378 0.486496 
26.440000 0.839243 0.468835 
26.450000 0.843931 0.451113 
26.460000 0.848442 0.433332 
26.470000 0.852775 0.415497 
26.480000 0.856930 0.397610 
26.490000 0.860906 0.379676 
26.500000 0.864703 0.361699 
26.510000 0.868320 0.343681 
26.520000 0.871757 0.325628 
26.530000 0.875013 0.307541 
26.540000 0.878089 0.289426 
26.550000 0.880983 0.271285 
26.560000 0.883696 0.253123 
26.570000 0.886227 0.234943 
26.580000 0.888576 0.216748 
26.590000 0.890744 0.198543 
26.600000 0.892729 0.180331 
26.610000 0.894533 0.162116 
26.620000 0.896154 0.143901 
26.630000 0.897593 0.125690 
26.640000 0.898850 0.107487 
26.650000 0.899925 0.089295 
26.660000 0.900818 0.071118 
26.670000 0.901529 0.052959 
26.680000 0.902058 0.034823 
26.690000 0.902407 0.016712 
26.700000 0.902574 -0.001369 
26.710000 0.902560 -0.019418 
26.720000 0.902366 -0.037431 
26.730000 0.901992 -0.055403 
26.740000 0.901438 -0.073332 
26.750000 0.900704 -0.091214 
26.760000 0.899792 -0.109046 
26.770000 0.898702 -0.126824 
26.780000 0.897433 -0.144544 
26.790000 0.895988 -0.162203 
26.800000 0.894366 -0.179799 
26.810000 0.892568 -0.197327 
26.820000 0.890595 -0.214783 
26.830000 0.888447 -0.232166 
26.840000 0.886125 -0.249470 
26.850000 0.883630 -0.266694 
26.860000 0.880963 -0.283833 
26.870000 0.878125 -0.300885 
26.880000 0.875116 -0.317845 
26.890000 0.871938 -0.334712 
26.900000 0.868591 -0.351481 
26.910000 0.865076 -0.368150 
26.920000 0.861394 -0.384715 
26.930000 0.857547 -0.401174 
26.940000 0.853536 -0.417522 
26.950000 0.849360 -0.433758 
26.960000 0.845023 -0.449878 
26.970000 0.840524 -0.465878 
26.980000 0.835865 -0.481757 
26.990000 0.831048 -0.497511 
27.000000 0.826072 -0.513137 
27.010000 0.820941 -0.528632 
27.020000 0.815655 -0.543994 
27.030000 0.810215 -0.559219 
27.040000 0.804623 -0.574305 
27.050000 0.798880 -0.589248 
27.060000 0.792987 -0.604048 
27.070000 0.786947 -0.618699 
27.080000 0.780760 -0.633201 
27.090000 0.774428 -0.647550 
27.100000 0.767952 -0.661743 
27.110000 0.761335 -0.675779 
27.120000 0.754577 -0.689654 
27.130000 0.747680 -0.703366 
27.140000 0.740647 -0.716913 
27.150000 0.733478 -0.730292 
27.160000 0.726175 -0.743501 
27.170000 0.718740 -0.756537 
27.180000 0.711174 -0.769399 
27.190000 0.703480 -0.782084 
27.200000 0.695660 -0.794589 
27.210000 0.687714 -0.806913 
27.220000 0.679644 -0.819054 
27.230000 0.671454 -0.831008 
27.240000 0.663144 -0.842775 
27.250000 0.654716 -0.854353 
27.260000 0.646173 -0.865738 
27.270000 0.637515 -0.876930 
27.280000 0.628746 -0.887927 
27.290000 0.619867 -0.898726 
27.300000 0.610879 -0.909326 
27.310000 0.601786 -0.919725 
27.320000 0.592589 -0.929921 
27.330000 0.583290 -0.939913 
27.340000 0.573891 -0.949699 
27.350000 0.564394 -0.959277 
27.360000 0.554801 -0.968647 
27.370000 0.545114 -0.977805 
27.380000 0.535336 -0.986752 
27.390000 0.525469 -0.995485 
27.400000 0.515514 -1.004004 
27.410000 0.505474 -1.012306 
27.420000 0.495351 -1.020391 
27.430000 0.485147 -1.028257 
27.440000 0.474864 -1.035903 
27.450000 0.464505 -1.043329 
27.460000 0.454072 -1.050532 
27.470000 0.443567 -1.057513 
27.480000 0.432992 -1.064269 
27.490000 0.422349 -1.070800 
27.500000 0.411641 -1.077106 
27.510000 0.400870 -1.083184 
27.520000 0.390038 -1.089035 
27.530000 0.379148 -1.094658 
27.540000 0.368201 -1.100052 
27.550000 0.357200 -1.105216 
27.560000 0.346148 -1.110149 
27.570000 0.335047 -1.114852 
27.580000 0.323898 -1.119323 
27.590000 0.312705 -1.123562 
27.600000 0.301469 -1.127569 
27.610000 0.290194 -1.131344 
27.620000 0.278880 -1.134885 
27.630000 0.267531 -1.138193 
27.640000 0.256150 -1.141267 
27.650000 0.244737 -1.144107 
27.660000 0.233296 -1.146714 
27.670000 0.221829 -1.149086 
27.680000 0.210338 -1.151225 
27.690000 0.198826 -1.153129 
27.700000 0.187294 -1.154799 
27.710000 0.175746 -1.156236 
27.720000 0.164184 -1.157438 
27.730000 0.152610 -1.158407 
27.740000 0.141025 -1.159142 
27.750000 0.129434 -1.159644 
27.760000 0.117838 -1.159914 
27.770000 0.106238 -1.159951 
27.780000 0.094639 -1.159756 
27.790000 0.083041 -1.159329 
27.800000 0.071448 -1.158671 
27.810000 0.059861 -1.157783 
27.820000 0.048284 -1.156664 
27.830000 0.036717 -1.155317 
27.840000 0.025164 -1.153740 
27.850000 0.013626 -1.151936 
27.860000 0.002107 -1.149905 
27.870000 -0.009392 -1.147647 
27.880000 -0.020869 -1.145164 
27.890000 -0.032320 -1.142456 
27.900000 -0.043745 -1.139525 
27.910000 -0.055140 -1.136371 
27.920000 -0.066504 -1.132996 
27.930000 -0.077834 -1.129400 
27.940000 -0.089128 -1.125584 
27.950000 -0.100383 -1.121550 
27.960000 -0.111599 -1.117300 
27.970000 -0.122772 -1.112833 
27.980000 -0.133900 -1.108152 
27.990000 -0.144982 -1.103258 
28.000000 -0.156014 -1.098151 
28.010000 -0.166996 -1.092835 
28.020000 -0.177924 -1.087309 
28.030000 -0.188797 -1.081576 
28.040000 -0.199613 -1.075637 
28.050000 -0.210369 -1.069493 
28.060000 -0.221064 -1.063147 
28.070000 -0.231696 -1.056600 
28.080000 -0.242262 -1.049852 
28.090000 -0.252760 -1.042907 
28.100000 -0.263189 -1.035766 
28.110000 -0.273547 -1.028431 
28.120000 -0.283831 -1.020903 
28.130000 -0.294040 -1.013185 
28.140000 -0.304172 -1.005278 
28.150000 -0.314225 -0.997184 
28.160000 -0.324197 -0.988905 
28.170000 -0.334086 -0.980443 
28.180000 -0.343890 -0.971800 
28.190000 -0.353608 -0.962979 
28.200000 -0.363238 -0.953981 
28.210000 -0.372778 -0.944808 
28.220000 -0.382226 -0.935463 
28.230000 -0.391581 -0.925948 
28.240000 -0.400840 -0.916264 
28.250000 -0.410003 -0.906415 
28.260000 -0.419067 -0.896402 
28.270000 -0.428031 -0.886228 
28.280000 -0.436893 -0.875895 
28.290000 -0.445652 -0.865405 
28.300000 -0.454306 -0.854761 
28.310000 -0.462854 -0.843965 
28.320000 -0.471294 -0.833020 
28.330000 -0.479624 -0.821929 
28.340000 -0.487843 -0.810692 
28.350000 -0.495950 -0.799314 
28.360000 -0.503943 -0.787796 
28.370000 -0.511821 -0.776142 
28.380000 -0.519583 -0.764353 
28.390000 -0.527226 -0.752433 
28.400000 -0.534750 -0.740383 
28.410000 -0.542154 -0.728208 
28.420000 -0.549436 -0.715908 
28.430000 -0.556595 -0.703488 
28.440000 -0.563630 -0.690949 
28.450000 -0.570540 -0.678294 
28.460000 -0.577323 -0.665527 
28.470000 -0.583978 -0.652649 
28.480000 -0.590504 -0.639664 
28.490000 -0.596901 -0.626575 
28.500000 -0.603167 -0.613384 
28.510000 -0.609301 -0.600094 
28.520000 -0.615302 -0.586708 
28.530000 -0.621169 -0.573228 
28.540000 -0.626901 -0.559658 
28.550000 -0.632498 -0.546001 
28.560000 -0.637958 -0.532259 
28.570000 -0.643280 -0.518435 
28.580000 -0.648464 -0.504533 
28.590000 -0.653510 -0.490555 
28.600000 -0.658415 -0.476503 
28.610000 -0.663180 -0.462382 
28.620000 -0.667804 -0.448194 
28.630000 -0.672286 -0.433941 
28.640000 -0.676626 -0.419627 
28.650000 -0.680822 -0.405256 
28.660000 -0.684874 -0.390829 
28.670000 -0.688783 -0.376350 
28.680000 -0.692546 -0.361821 
28.690000 -0.696164 -0.347247 
28.700000 -0.699637 -0.332629 
28.710000 -0.702963 -0.317971 
28.720000 -0.706143 -0.303276 
28.730000 -0.709176 -0.288546 
28.740000 -0.712061 -0.273786 
28.750000 -0.714799 -0.258997 
28.760000 -0.717389 -0.244183 
28.770000 -0.719831 -0.229347 
28.780000 -0.722124 -0.214491 
28.790000 -0.724269 -0.199620 
28.800000 -0.726265 -0.184735 
28.810000 -0.728113 -0.169841 
28.820000 -0.729811 -0.154939 
28.830000 -0.731360 -0.140033 
28.840000 -0.732761 -0.125125 
28.850000 -0.734012 -0.110220 
28.860000 -0.735114 -0.095319 
28.870000 -0.736067 -0.080426 
28.880000 -0.736872 -0.065544 
28.890000 -0.737527 -0.050675 
28.900000 -0.738034 -0.035824 
28.910000 -0.738392 -0.020991 
28.920000 -0.738602 -0.006181 
28.930000 -0.738664 0.008603 
28.940000 -0.738578 0.023359 
28.950000 -0.738344 0.038084 
28.960000 -0.737963 0.052775 
28.970000 -0.737436 0.067428 
28.980000 -0.736761 0.082042 
28.990000 -0.735941 0.096613 
29.000000 -0.734975 0.111139 
29.010000 -0.733863 0.125616 
29.020000 -0.732607 0.140042 
29.030000 -0.731207 0.154414 
29.040000 -0.729663 0.168730 
29.050000 -0.727975 0.182985 
29.060000 -0.726146 0.197179 
29.070000 -0.724174 0.211307 
29.080000 -0.722061 0.225368 
29.090000 -0.719807 0.239359 
29.100000 -0.717413 0.253276 
29.110000 -0.714881 0.267118 
29.120000 -0.712209 0.280881 
29.130000 -0.709401 0.294564 
29.140000 -0.706455 0.308163 
29.150000 -0.703373 0.321675 
29.160000 -0.700157 0.335099 
29.170000 -0.696806 0.348432 
29.180000 -0.693321 0.361672 
29.190000 -0.689705 0.374815 
29.200000 -0.685956 0.387859 
29.210000 -0.682078 0.400803 
29.220000 -0.678070 0.413643 
29.230000 -0.673933 0.426377 
29.240000 -0.669670 0.439003 
29.250000 -0.665280 0.451518 
29.260000 -0.660764 0.463921 
29.270000 -0.656125 0.476208 
29.280000 -0.651363 0.488378 
29.290000 -0.646479 0.500429 
29.300000 -0.641475 0.512357 
29.310000 -0.636352 0.524162 
29.320000 -0.631110 0.535841 
29.330000 -0.625751 0.547391 
29.340000 -0.620278 0.558812 
29.350000 -0.614689 0.570099 
29.360000 -0.608988 0.581253 
29.370000 -0.603176 0.592270 
29.380000 -0.597253 0.603149 
29.390000 -0.591222 0.613888 
29.400000 -0.585083 0.624485 
29.410000 -0.578838 0.634937 
29.420000 -0.572489 0.645244 
29.430000 -0.566036 0.655404 
29.440000 -0.559482 0.665414 
29.450000 -0.552828 0.675272 
29.460000 -0.546075 0.684978 
29.470000 -0.539226 0.694530 
29.480000 -0.532280 0.703925 
29.490000 -0.525241 0.713163 
29.500000 -0.518109 0.722242 
29.510000 -0.510887 0.731159 
29.520000 -0.503575 0.739915 
29.530000 -0.496176 0.748506 
29.540000 -0.488691 0.756933 
29.550000 -0.481122 0.765193 
29.560000 -0.473470 0.773285 
29.570000 -0.465737 0.781208 
29.580000 -0.457925 0.788960 
29.590000 -0.450035 0.796541 
29.600000 -0.442070 0.803948 
29.610000 -0.434030 0.811182 
29.620000 -0.425919 0.818240 
29.630000 -0.417736 0.825122 
29.640000 -0.409485 0.831826 
29.650000 -0.401167 0.838352 
29.660000 -0.392783 0.844699 
29.670000 -0.384336 0.850865 
29.680000 -0.375828 0.856850 
29.690000 -0.367259 0.862653 
29.700000 -0.358633 0.868273 
29.710000 -0.349950 0.873709 
29.720000 -0.341213 0.878961 
29.730000 -0.332423 0.884027 
29.740000 -0.323583 0.888907 
29.750000 -0.314694 0.893601 
29.760000 -0.305758 0.898108 
29.770000 -0.296777 0.902427 
29.780000 -0.287752 0.906558 
29.790000 -0.278687 0.910500 
29.800000 -0.269582 0.914252 
29.810000 -0.260439 0.917815 
29.820000 -0.251261 0.921189 
29.830000 -0.242049 0.924371 
29.840000 -0.232806 0.927364 
29.850000 -0.223532 0.930165 
29.860000 -0.214230 0.932775 
29.870000 -0.204903 0.935194 
29.880000 -0.195551 0.937422 
29.890000 -0.186176 0.939458 
29.900000 -0.176782 0.941303 
29.910000 -0.167369 0.942956 
29.920000 -0.157939 0.944417 
29.930000 -0.148495 0.945687 
29.940000 -0.139038 0.946766 
29.950000 -0.129570 0.947653 
29.960000 -0.120094 0.948349 
29.970000 -0.110610 0.948854 
29.980000 -0.101122 0.949169 
29.990000 -0.091630 0.949293 
30.000000 -0.082137 0.949227 
