0.000000 10.000000 0.000000 
0.010000 9.999000 -0.199800 
0.020000 9.996004 -0.399161 
0.030000 9.991017 -0.598044 
0.040000 9.984043 -0.796409 
0.050000 9.975089 -0.994220 
0.060000 9.964159 -1.191436 
0.070000 9.951260 -1.388020 
0.080000 9.936399 -1.583934 
0.090000 9.919582 -1.779141 
0.100000 9.900816 -1.973601 
0.110000 9.880110 -2.167279 
0.120000 9.857471 -2.360137 
0.130000 9.832907 -2.552137 
0.140000 9.806428 -2.743244 
0.150000 9.778042 -2.933421 
0.160000 9.747760 -3.122632 
0.170000 9.715590 -3.310841 
0.180000 9.681543 -3.498013 
0.190000 9.645629 -3.684111 
0.200000 9.607861 -3.869102 
0.210000 9.568248 -4.052949 
0.220000 9.526802 -4.235620 
0.230000 9.483535 -4.417079 
0.240000 9.438460 -4.597293 
0.250000 9.391589 -4.776228 
0.260000 9.342936 -4.953852 
0.270000 9.292513 -5.130130 
0.280000 9.240333 -5.305032 
0.290000 9.186412 -5.478524 
0.300000 9.130763 -5.650574 
0.310000 9.073401 -5.821152 
0.320000 9.014340 -5.990226 
0.330000 8.953596 -6.157765 
0.340000 8.891185 -6.323739 
0.350000 8.827121 -6.488117 
0.360000 8.761422 -6.650871 
0.370000 8.694104 -6.811971 
0.380000 8.625183 -6.971387 
0.390000 8.554676 -7.129093 
0.400000 8.482601 -7.285058 
0.410000 8.408975 -7.439256 
0.420000 8.333816 -7.591660 
0.430000 8.257142 -7.742243 
0.440000 8.178971 -7.890977 
0.450000 8.099323 -8.037838 
0.460000 8.018215 -8.182799 
0.470000 7.935667 -8.325835 
0.480000 7.851698 -8.466922 
0.490000 7.766328 -8.606036 
0.500000 7.679577 -8.743151 
0.510000 7.591465 -8.878246 
0.520000 7.502013 -9.011297 
0.530000 7.411240 -9.142282 
0.540000 7.319167 -9.271178 
0.550000 7.225816 -9.397964 
0.560000 7.131208 -9.522619 
0.570000 7.035364 -9.645122 
0.580000 6.938305 -9.765453 
0.590000 6.840055 -9.883592 
0.600000 6.740634 -9.999521 
0.610000 6.640064 -10.113219 
0.620000 6.538369 -10.224670 
0.630000 6.435571 -10.333856 
0.640000 6.331692 -10.440758 
0.650000 6.226756 -10.545360 
0.660000 6.120785 -10.647647 
0.670000 6.013803 -10.747601 
0.680000 5.905833 -10.845209 
0.690000 5.796899 -10.940454 
0.700000 5.687024 -11.033323 
0.710000 5.576232 -11.123802 
0.720000 5.464548 -11.211877 
0.730000 5.351995 -11.297536 
0.740000 5.238597 -11.380767 
0.750000 5.124380 -11.461557 
0.760000 5.009366 -11.539896 
0.770000 4.893582 -11.615773 
0.780000 4.777051 -11.689176 
0.790000 4.659798 -11.760098 
0.800000 4.541849 -11.828528 
0.810000 4.423228 -11.894458 
0.820000 4.303960 -11.957879 
0.830000 4.184070 -12.018785 
0.840000 4.063584 -12.077167 
0.850000 3.942527 -12.133020 
0.860000 3.820924 -12.186336 
0.870000 3.698800 -12.237111 
0.880000 3.576181 -12.285340 
0.890000 3.453093 -12.331018 
0.900000 3.329561 -12.374140 
0.910000 3.205610 -12.414704 
0.920000 3.081267 -12.452706 
0.930000 2.956556 -12.488144 
0.940000 2.831504 -12.521015 
0.950000 2.706136 -12.551320 
0.960000 2.580478 -12.579056 
0.970000 2.454555 -12.604223 
0.980000 2.328393 -12.626821 
0.990000 2.202019 -12.646851 
1.000000 2.075456 -12.664315 
1.010000 1.948732 -12.679212 
1.020000 1.821872 -12.691547 
1.030000 1.694901 -12.701321 
1.040000 1.567846 -12.708538 
1.050000 1.440731 -12.713201 
1.060000 1.313582 -12.715315 
1.070000 1.186424 -12.714883 
1.080000 1.059284 -12.711912 
1.090000 0.932186 -12.706407 
1.100000 0.805156 -12.698374 
1.110000 0.678218 -12.687820 
1.120000 0.551399 -12.674752 
1.130000 0.424723 -12.659177 
1.140000 0.298216 -12.641104 
1.150000 0.171901 -12.620541 
1.160000 0.045805 -12.597498 
1.170000 -0.080049 -12.571984 
1.180000 -0.205635 -12.544008 
1.190000 -0.330929 -12.513582 
1.200000 -0.455906 -12.480717 
1.210000 -0.580543 -12.445423 
1.220000 -0.704815 -12.407714 
1.230000 -0.828698 -12.367600 
1.240000 -0.952167 -12.325095 
1.250000 -1.075199 -12.280213 
1.260000 -1.197771 -12.232967 
1.270000 -1.319859 -12.183370 
1.280000 -1.441439 -12.131439 
1.290000 -1.562488 -12.077187 
1.300000 -1.682983 -12.020631 
1.310000 -1.802900 -11.961786 
1.320000 -1.922218 -11.900668 
1.330000 -2.040914 -11.837294 
1.340000 -2.158964 -11.771682 
1.350000 -2.276347 -11.703849 
1.360000 -2.393041 -11.633813 
1.370000 -2.509024 -11.561592 
1.380000 -2.624273 -11.487206 
1.390000 -2.738768 -11.410673 
1.400000 -2.852487 -11.332012 
1.410000 -2.965408 -11.251245 
1.420000 -3.077512 -11.168391 
1.430000 -3.188776 -11.083471 
1.440000 -3.299181 -10.996506 
1.450000 -3.408706 -10.907518 
1.460000 -3.517331 -10.816528 
1.470000 -3.625037 -10.723559 
1.480000 -3.731803 -10.628633 
1.490000 -3.837610 -10.531772 
1.500000 -3.942438 -10.433001 
1.510000 -4.046270 -10.332343 
1.520000 -4.149085 -10.229821 
1.530000 -4.250866 -10.125460 
1.540000 -4.351594 -10.019285 
1.550000 -4.451252 -9.911319 
1.560000 -4.549821 -9.801589 
1.570000 -4.647284 -9.690120 
1.580000 -4.743623 -9.576938 
1.590000 -4.838823 -9.462068 
1.600000 -4.932865 -9.345537 
1.610000 -5.025733 -9.227371 
1.620000 -5.117412 -9.107598 
1.630000 -5.207885 -8.986244 
1.640000 -5.297137 -8.863337 
1.650000 -5.385152 -8.738905 
1.660000 -5.471915 -8.612976 
1.670000 -5.557412 -8.485577 
1.680000 -5.641627 -8.356737 
1.690000 -5.724547 -8.226485 
1.700000 -5.806157 -8.094849 
1.710000 -5.886444 -7.961859 
1.720000 -5.965394 -7.827544 
1.730000 -6.042995 -7.691933 
1.740000 -6.119233 -7.555057 
1.750000 -6.194096 -7.416944 
1.760000 -6.267572 -7.277625 
1.770000 -6.339648 -7.137131 
1.780000 -6.410314 -6.995491 
1.790000 -6.479558 -6.852736 
1.800000 -6.547369 -6.708898 
1.810000 -6.613736 -6.564006 
1.820000 -6.678649 -6.418092 
1.830000 -6.742098 -6.271188 
1.840000 -6.804073 -6.123323 
1.850000 -6.864565 -5.974531 
1.860000 -6.923564 -5.824843 
1.870000 -6.981062 -5.674289 
1.880000 -7.037050 -5.522903 
1.890000 -7.091520 -5.370716 
1.900000 -7.144464 -5.217760 
1.910000 -7.195875 -5.064066 
1.920000 -7.245746 -4.909668 
1.930000 -7.294069 -4.754598 
1.940000 -7.340838 -4.598887 
1.950000 -7.386046 -4.442569 
1.960000 -7.429689 -4.285675 
1.970000 -7.471760 -4.128239 
1.980000 -7.512254 -3.970292 
1.990000 -7.551166 -3.811867 
2.000000 -7.588491 -3.652998 
2.010000 -7.624226 -3.493716 
2.020000 -7.658366 -3.334054 
2.030000 -7.690907 -3.174045 
2.040000 -7.721847 -3.013721 
2.050000 -7.751182 -2.853116 
2.060000 -7.778909 -2.692262 
2.070000 -7.805027 -2.531191 
2.080000 -7.829533 -2.369936 
2.090000 -7.852426 -2.208530 
2.100000 -7.873704 -2.047005 
2.110000 -7.893366 -1.885393 
2.120000 -7.911412 -1.723728 
2.130000 -7.927840 -1.562042 
2.140000 -7.942653 -1.400367 
2.150000 -7.955848 -1.238734 
2.160000 -7.967427 -1.077178 
2.170000 -7.977392 -0.915729 
2.180000 -7.985742 -0.754419 
2.190000 -7.992480 -0.593281 
2.200000 -7.997608 -0.432347 
2.210000 -8.001127 -0.271647 
2.220000 -8.003041 -0.111215 
2.230000 -8.003351 0.048919 
2.240000 -8.002062 0.208723 
2.250000 -7.999177 0.368167 
2.260000 -7.994699 0.527218 
2.270000 -7.988633 0.685846 
2.280000 -7.980982 0.844020 
2.290000 -7.971752 1.001709 
2.300000 -7.960948 1.158883 
2.310000 -7.948575 1.315512 
2.320000 -7.934638 1.471564 
2.330000 -7.919144 1.627011 
2.340000 -7.902098 1.781822 
2.350000 -7.883507 1.935968 
2.360000 -7.863379 2.089418 
2.370000 -7.841719 2.242145 
2.380000 -7.818536 2.394119 
2.390000 -7.793837 2.545310 
2.400000 -7.767630 2.695691 
2.410000 -7.739923 2.845233 
2.420000 -7.710725 2.993907 
2.430000 -7.680045 3.141686 
2.440000 -7.647891 3.288542 
2.450000 -7.614274 3.434447 
2.460000 -7.579203 3.579375 
2.470000 -7.542687 3.723298 
2.480000 -7.504737 3.866190 
2.490000 -7.465363 4.008023 
2.500000 -7.424576 4.148772 
2.510000 -7.382388 4.288411 
2.520000 -7.338808 4.426914 
2.530000 -7.293849 4.564256 
2.540000 -7.247523 4.700411 
2.550000 -7.199841 4.835355 
2.560000 -7.150816 4.969063 
2.570000 -7.100460 5.101511 
2.580000 -7.048786 5.232676 
2.590000 -6.995807 5.362532 
2.600000 -6.941535 5.491058 
2.610000 -6.885985 5.618230 
2.620000 -6.829171 5.744024 
2.630000 -6.771105 5.868420 
2.640000 -6.711802 5.991395 
2.650000 -6.651277 6.112927 
2.660000 -6.589544 6.232995 
2.670000 -6.526617 6.351577 
2.680000 -6.462512 6.468653 
2.690000 -6.397244 6.584203 
2.700000 -6.330828 6.698206 
2.710000 -6.263280 6.810643 
2.720000 -6.194616 6.921495 
2.730000 -6.124850 7.030742 
2.740000 -6.054001 7.138366 
2.750000 -5.982083 7.244349 
2.760000 -5.909114 7.348672 
2.770000 -5.835110 7.451319 
2.780000 -5.760088 7.552271 
2.790000 -5.684064 7.651513 
2.800000 -5.607057 7.749028 
2.810000 -5.529084 7.844799 
2.820000 -5.450161 7.938812 
2.830000 -5.370308 8.031051 
2.840000 -5.289540 8.121500 
2.850000 -5.207878 8.210146 
2.860000 -5.125337 8.296975 
2.870000 -5.041938 8.381972 
2.880000 -4.957698 8.465125 
2.890000 -4.872636 8.546420 
2.900000 -4.786770 8.625844 
2.910000 -4.700119 8.703387 
2.920000 -4.612702 8.779036 
2.930000 -4.524538 8.852779 
2.940000 -4.435646 8.924606 
2.950000 -4.346046 8.994507 
2.960000 -4.255756 9.062470 
2.970000 -4.164797 9.128487 
2.980000 -4.073187 9.192548 
2.990000 -3.980946 9.254644 
3.000000 -3.888094 9.314768 
3.010000 -3.794650 9.372909 
3.020000 -3.700636 9.429062 
3.030000 -3.606069 9.483219 
3.040000 -3.510971 9.535372 
3.050000 -3.415362 9.585516 
3.060000 -3.319261 9.633645 
3.070000 -3.222689 9.679752 
3.080000 -3.125666 9.723833 
3.090000 -3.028212 9.765883 
3.100000 -2.930348 9.805898 
3.110000 -2.832094 9.843874 
3.120000 -2.733471 9.879807 
3.130000 -2.634498 9.913694 
3.140000 -2.535197 9.945532 
3.150000 -2.435588 9.975319 
3.160000 -2.335691 10.003054 
3.170000 -2.235526 10.028735 
3.180000 -2.135116 10.052360 
3.190000 -2.034479 10.073930 
3.200000 -1.933637 10.093444 
3.210000 -1.832610 10.110902 
3.220000 -1.731419 10.126305 
3.230000 -1.630084 10.139654 
3.240000 -1.528626 10.150950 
3.250000 -1.427065 10.160195 
3.260000 -1.325422 10.167392 
3.270000 -1.223717 10.172542 
3.280000 -1.121971 10.175650 
3.290000 -1.020204 10.176719 
3.300000 -0.918437 10.175752 
3.310000 -0.816689 10.172753 
3.320000 -0.714982 10.167728 
3.330000 -0.613335 10.160682 
3.340000 -0.511768 10.151619 
3.350000 -0.410302 10.140546 
3.360000 -0.308957 10.127469 
3.370000 -0.207753 10.112395 
3.380000 -0.106709 10.095330 
3.390000 -0.005846 10.076282 
3.400000 0.094816 10.055259 
3.410000 0.195259 10.032268 
3.420000 0.295462 10.007319 
3.430000 0.395405 9.980421 
3.440000 0.495070 9.951581 
3.450000 0.594437 9.920812 
3.460000 0.693486 9.888121 
3.470000 0.792199 9.853520 
3.480000 0.890557 9.817019 
3.490000 0.988540 9.778629 
3.500000 1.086129 9.738363 
3.510000 1.183307 9.696231 
3.520000 1.280054 9.652246 
3.530000 1.376352 9.606420 
3.540000 1.472182 9.558766 
3.550000 1.567527 9.509298 
3.560000 1.662368 9.458028 
3.570000 1.756688 9.404971 
3.580000 1.850468 9.350141 
3.590000 1.943691 9.293552 
3.600000 2.036339 9.235219 
3.610000 2.128395 9.175157 
3.620000 2.219842 9.113382 
3.630000 2.310663 9.049910 
3.640000 2.400840 8.984756 
3.650000 2.490358 8.917938 
3.660000 2.579199 8.849470 
3.670000 2.667347 8.779372 
3.680000 2.754787 8.707659 
3.690000 2.841501 8.634350 
3.700000 2.927474 8.559462 
3.710000 3.012690 8.483013 
3.720000 3.097134 8.405022 
3.730000 3.180790 8.325508 
3.740000 3.263644 8.244489 
3.750000 3.345680 8.161984 
3.760000 3.426884 8.078013 
3.770000 3.507241 7.992597 
3.780000 3.586736 7.905754 
3.790000 3.665356 7.817504 
3.800000 3.743086 7.727869 
3.810000 3.819913 7.636869 
3.820000 3.895823 7.544525 
3.830000 3.970804 7.450858 
3.840000 4.044841 7.355890 
3.850000 4.117922 7.259641 
3.860000 4.190034 7.162134 
3.870000 4.261164 7.063391 
3.880000 4.331301 6.963434 
3.890000 4.400433 6.862286 
3.900000 4.468547 6.759968 
3.910000 4.535632 6.656504 
3.920000 4.601677 6.551917 
3.930000 4.666671 6.446229 
3.940000 4.730602 6.339465 
3.950000 4.793460 6.231647 
3.960000 4.855235 6.122800 
3.970000 4.915916 6.012947 
3.980000 4.975494 5.902112 
3.990000 5.033959 5.790319 
4.000000 5.091300 5.677592 
4.010000 5.147510 5.563956 
4.020000 5.202580 5.449436 
4.030000 5.256499 5.334055 
4.040000 5.309261 5.217840 
4.050000 5.360856 5.100814 
4.060000 5.411277 4.983002 
4.070000 5.460516 4.864431 
4.080000 5.508566 4.745124 
4.090000 5.555419 4.625107 
4.100000 5.601068 4.504407 
4.110000 5.645507 4.383047 
4.120000 5.688729 4.261054 
4.130000 5.730728 4.138454 
4.140000 5.771498 4.015271 
4.150000 5.811034 3.891533 
4.160000 5.849329 3.767264 
4.170000 5.886379 3.642491 
4.180000 5.922179 3.517239 
4.190000 5.956724 3.391534 
4.200000 5.990010 3.265404 
4.210000 6.022032 3.138872 
4.220000 6.052787 3.011967 
4.230000 6.082271 2.884713 
4.240000 6.110481 2.757137 
4.250000 6.137414 2.629265 
4.260000 6.163067 2.501124 
4.270000 6.187437 2.372738 
4.280000 6.210522 2.244135 
4.290000 6.232319 2.115341 
4.300000 6.252828 1.986381 
4.310000 6.272047 1.857282 
4.320000 6.289974 1.728070 
4.330000 6.306609 1.598771 
4.340000 6.321950 1.469411 
4.350000 6.335997 1.340015 
4.360000 6.348750 1.210611 
4.370000 6.360209 1.081223 
4.380000 6.370375 0.951877 
4.390000 6.379247 0.822600 
4.400000 6.386827 0.693417 
4.410000 6.393115 0.564354 
4.420000 6.398114 0.435435 
4.430000 6.401824 0.306687 
4.440000 6.404248 0.178135 
4.450000 6.405387 0.049805 
4.460000 6.405244 -0.078279 
4.470000 6.403821 -0.206092 
4.480000 6.401122 -0.333608 
4.490000 6.397149 -0.460802 
4.500000 6.391906 -0.587651 
4.510000 6.385396 -0.714128 
4.520000 6.377623 -0.840210 
4.530000 6.368592 -0.965872 
4.540000 6.358306 -1.091090 
4.550000 6.346770 -1.215840 
4.560000 6.333989 -1.340098 
4.570000 6.319968 -1.463839 
4.580000 6.304713 -1.587041 
4.590000 6.288228 -1.709680 
4.600000 6.270519 -1.831732 
4.610000 6.251593 -1.953174 
4.620000 6.231456 -2.073983 
4.630000 6.210113 -2.194136 
4.640000 6.187573 -2.313611 
4.650000 6.163841 -2.432384 
4.660000 6.138925 -2.550435 
4.670000 6.112833 -2.667740 
4.680000 6.085571 -2.784277 
4.690000 6.057147 -2.900026 
4.700000 6.027570 -3.014963 
4.710000 5.996848 -3.129069 
4.720000 5.964989 -3.242321 
4.730000 5.932002 -3.354699 
4.740000 5.897895 -3.466182 
4.750000 5.862678 -3.576750 
4.760000 5.826360 -3.686382 
4.770000 5.788950 -3.795059 
4.780000 5.750459 -3.902760 
4.790000 5.710895 -4.009466 
4.800000 5.670270 -4.115158 
4.810000 5.628592 -4.219816 
4.820000 5.585873 -4.323423 
4.830000 5.542124 -4.425958 
4.840000 5.497354 -4.527404 
4.850000 5.451576 -4.627742 
4.860000 5.404799 -4.726956 
4.870000 5.357037 -4.825027 
4.880000 5.308299 -4.921937 
4.890000 5.258598 -5.017671 
4.900000 5.207945 -5.112211 
4.910000 5.156354 -5.205540 
4.920000 5.103835 -5.297643 
4.930000 5.050401 -5.388503 
4.940000 4.996065 -5.478105 
4.950000 4.940839 -5.566433 
4.960000 4.884736 -5.653473 
4.970000 4.827769 -5.739209 
4.980000 4.769952 -5.823627 
4.990000 4.711297 -5.906712 
5.000000 4.651818 -5.988452 
5.010000 4.591528 -6.068831 
5.020000 4.530441 -6.147838 
5.030000 4.468571 -6.225458 
5.040000 4.405932 -6.301679 
5.050000 4.342538 -6.376488 
5.060000 4.278402 -6.449874 
5.070000 4.213540 -6.521825 
5.080000 4.147966 -6.592329 
5.090000 4.081694 -6.661374 
5.100000 4.014738 -6.728951 
5.110000 3.947115 -6.795048 
5.120000 3.878837 -6.859656 
5.130000 3.809922 -6.922763 
5.140000 3.740382 -6.984361 
5.150000 3.670234 -7.044441 
5.160000 3.599493 -7.102993 
5.170000 3.528175 -7.160009 
5.180000 3.456293 -7.215480 
5.190000 3.383865 -7.269399 
5.200000 3.310905 -7.321757 
5.210000 3.237430 -7.372548 
5.220000 3.163454 -7.421764 
5.230000 3.088995 -7.469399 
5.240000 3.014066 -7.515447 
5.250000 2.938686 -7.559900 
5.260000 2.862868 -7.602754 
5.270000 2.786631 -7.644004 
5.280000 2.709988 -7.683644 
5.290000 2.632958 -7.721669 
5.300000 2.555555 -7.758075 
5.310000 2.477796 -7.792859 
5.320000 2.399698 -7.826016 
5.330000 2.321276 -7.857543 
5.340000 2.242547 -7.887437 
5.350000 2.163527 -7.915695 
5.360000 2.084233 -7.942315 
5.370000 2.004681 -7.967295 
5.380000 1.924887 -7.990633 
5.390000 1.844868 -8.012328 
5.400000 1.764641 -8.032379 
5.410000 1.684221 -8.050785 
5.420000 1.603625 -8.067545 
5.430000 1.522870 -8.082659 
5.440000 1.441972 -8.096129 
5.450000 1.360947 -8.107954 
5.460000 1.279813 -8.118135 
5.470000 1.198584 -8.126674 
5.480000 1.117279 -8.133572 
5.490000 1.035913 -8.138831 
5.500000 0.954502 -8.142453 
5.510000 0.873064 -8.144441 
5.520000 0.791614 -8.144798 
5.530000 0.710168 -8.143527 
5.540000 0.628743 -8.140631 
5.550000 0.547355 -8.136114 
5.560000 0.466021 -8.129981 
5.570000 0.384756 -8.122235 
5.580000 0.303576 -8.112882 
5.590000 0.222498 -8.101927 
5.600000 0.141538 -8.089374 
5.610000 0.060711 -8.075231 
5.620000 -0.019967 -8.059502 
5.630000 -0.100479 -8.042194 
5.640000 -0.180811 -8.023314 
5.650000 -0.260946 -8.002868 
5.660000 -0.340868 -7.980865 
5.670000 -0.420563 -7.957310 
5.680000 -0.500015 -7.932213 
5.690000 -0.579207 -7.905581 
5.700000 -0.658126 -7.877422 
5.710000 -0.736756 -7.847746 
5.720000 -0.815081 -7.816561 
5.730000 -0.893087 -7.783877 
5.740000 -0.970759 -7.749702 
5.750000 -1.048081 -7.714048 
5.760000 -1.125040 -7.676923 
5.770000 -1.201620 -7.638339 
5.780000 -1.277806 -7.598305 
5.790000 -1.353586 -7.556833 
5.800000 -1.428943 -7.513934 
5.810000 -1.503864 -7.469620 
5.820000 -1.578336 -7.423901 
5.830000 -1.652343 -7.376791 
5.840000 -1.725871 -7.328300 
5.850000 -1.798909 -7.278443 
5.860000 -1.871440 -7.227230 
5.870000 -1.943453 -7.174676 
5.880000 -2.014934 -7.120794 
5.890000 -2.085869 -7.065596 
5.900000 -2.156246 -7.009097 
5.910000 -2.226051 -6.951310 
5.920000 -2.295272 -6.892249 
5.930000 -2.363896 -6.831930 
5.940000 -2.431911 -6.770366 
5.950000 -2.499303 -6.707572 
5.960000 -2.566062 -6.643563 
5.970000 -2.632175 -6.578355 
5.980000 -2.697629 -6.511963 
5.990000 -2.762414 -6.444402 
6.000000 -2.826517 -6.375689 
6.010000 -2.889928 -6.305839 
6.020000 -2.952634 -6.234869 
6.030000 -3.014625 -6.162794 
6.040000 -3.075890 -6.089632 
6.050000 -3.136418 -6.015400 
6.060000 -3.196198 -5.940114 
6.070000 -3.255220 -5.863792 
6.080000 -3.313474 -5.786450 
6.090000 -3.370949 -5.708107 
6.100000 -3.427636 -5.628780 
6.110000 -3.483525 -5.548486 
6.120000 -3.538606 -5.467245 
6.130000 -3.592870 -5.385073 
6.140000 -3.646308 -5.301990 
6.150000 -3.698910 -5.218013 
6.160000 -3.750668 -5.133161 
6.170000 -3.801573 -5.047454 
6.180000 -3.851617 -4.960909 
6.190000 -3.900791 -4.873545 
6.200000 -3.949088 -4.785383 
6.210000 -3.996499 -4.696440 
6.220000 -4.043017 -4.606737 
6.230000 -4.088634 -4.516293 
6.240000 -4.133343 -4.425127 
6.250000 -4.177136 -4.333259 
6.260000 -4.220008 -4.240708 
6.270000 -4.261951 -4.147496 
6.280000 -4.302958 -4.053640 
6.290000 -4.343023 -3.959163 
6.300000 -4.382141 -3.864083 
6.310000 -4.420305 -3.768421 
6.320000 -4.457510 -3.672197 
6.330000 -4.493749 -3.575432 
6.340000 -4.529018 -3.478145 
6.350000 -4.563312 -3.380358 
6.360000 -4.596626 -3.282091 
6.370000 -4.628954 -3.183365 
6.380000 -4.660293 -3.084200 
6.390000 -4.690638 -2.984616 
6.400000 -4.719985 -2.884636 
6.410000 -4.748331 -2.784278 
6.420000 -4.775671 -2.683565 
6.430000 -4.802002 -2.582517 
6.440000 -4.827321 -2.481155 
6.450000 -4.851625 -2.379500 
6.460000 -4.874911 -2.277572 
6.470000 -4.897177 -2.175393 
6.480000 -4.918419 -2.072984 
6.490000 -4.938637 -1.970364 
6.500000 -4.957827 -1.867557 
6.510000 -4.975988 -1.764581 
6.520000 -4.993118 -1.661459 
6.530000 -5.009217 -1.558211 
6.540000 -5.024283 -1.454857 
6.550000 -5.038314 -1.351420 
6.560000 -5.051311 -1.247919 
6.570000 -5.063273 -1.144376 
6.580000 -5.074199 -1.040811 
6.590000 -5.084089 -0.937245 
6.600000 -5.092943 -0.833698 
6.610000 -5.100763 -0.730192 
6.620000 -5.107547 -0.626747 
6.630000 -5.113298 -0.523383 
6.640000 -5.118015 -0.420121 
6.650000 -5.121700 -0.316982 
6.660000 -5.124355 -0.213985 
6.670000 -5.125980 -0.111152 
6.680000 -5.126578 -0.008502 
6.690000 -5.126150 0.093945 
6.700000 -5.124699 0.196169 
6.710000 -5.122227 0.298149 
6.720000 -5.118736 0.399865 
6.730000 -5.114230 0.501299 
6.740000 -5.108710 0.602429 
6.750000 -5.102181 0.703237 
6.760000 -5.094645 0.803704 
6.770000 -5.086107 0.903808 
6.780000 -5.076569 1.003533 
6.790000 -5.066036 1.102857 
6.800000 -5.054512 1.201763 
6.810000 -5.042001 1.300231 
6.820000 -5.028508 1.398242 
6.830000 -5.014036 1.495778 
6.840000 -4.998592 1.592820 
6.850000 -4.982180 1.689350 
6.860000 -4.964805 1.785350 
6.870000 -4.946473 1.880801 
6.880000 -4.927189 1.975686 
6.890000 -4.906959 2.069986 
6.900000 -4.885790 2.163684 
6.910000 -4.863686 2.256763 
6.920000 -4.840654 2.349205 
6.930000 -4.816702 2.440992 
6.940000 -4.791835 2.532109 
6.950000 -4.766060 2.622537 
6.960000 -4.739384 2.712261 
6.970000 -4.711814 2.801264 
6.980000 -4.683359 2.889529 
6.990000 -4.654024 2.977040 
7.000000 -4.623818 3.063781 
7.010000 -4.592748 3.149738 
7.020000 -4.560823 3.234893 
7.030000 -4.528050 3.319231 
7.040000 -4.494439 3.402738 
7.050000 -4.459996 3.485398 
7.060000 -4.424731 3.567196 
7.070000 -4.388652 3.648118 
7.080000 -4.351768 3.728150 
7.090000 -4.314089 3.807276 
7.100000 -4.275623 3.885484 
7.110000 -4.236379 3.962759 
7.120000 -4.196368 4.039088 
7.130000 -4.155598 4.114458 
7.140000 -4.114079 4.188854 
7.150000 -4.071820 4.262266 
7.160000 -4.028833 4.334678 
7.170000 -3.985127 4.406080 
7.180000 -3.940712 4.476459 
7.190000 -3.895598 4.545803 
7.200000 -3.849796 4.614100 
7.210000 -3.803316 4.681338 
7.220000 -3.756169 4.747507 
7.230000 -3.708366 4.812595 
7.240000 -3.659917 4.876591 
7.250000 -3.610834 4.939486 
7.260000 -3.561127 5.001267 
7.270000 -3.510809 5.061926 
7.280000 -3.459889 5.121452 
7.290000 -3.408380 5.179835 
7.300000 -3.356292 5.237068 
7.310000 -3.303638 5.293139 
7.320000 -3.250429 5.348041 
7.330000 -3.196677 5.401764 
7.340000 -3.142394 5.454301 
7.350000 -3.087591 5.505643 
7.360000 -3.032281 5.555782 
7.370000 -2.976476 5.604711 
7.380000 -2.920187 5.652422 
7.390000 -2.863427 5.698909 
7.400000 -2.806209 5.744164 
7.410000 -2.748544 5.788180 
7.420000 -2.690445 5.830953 
7.430000 -2.631925 5.872475 
7.440000 -2.572996 5.912740 
7.450000 -2.513670 5.951743 
7.460000 -2.453961 5.989480 
7.470000 -2.393881 6.025944 
7.480000 -2.333442 6.061131 
7.490000 -2.272658 6.095037 
7.500000 -2.211541 6.127658 
7.510000 -2.150105 6.158988 
7.520000 -2.088362 6.189026 
7.530000 -2.026325 6.217767 
7.540000 -1.964006 6.245208 
7.550000 -1.901420 6.271346 
7.560000 -1.838579 6.296179 
7.570000 -1.775497 6.319705 
7.580000 -1.712185 6.341920 
7.590000 -1.648658 6.362825 
7.600000 -1.584929 6.382416 
7.610000 -1.521010 6.400692 
7.620000 -1.456915 6.417653 
7.630000 -1.392657 6.433298 
7.640000 -1.328249 6.447626 
7.650000 -1.263704 6.460638 
7.660000 -1.199036 6.472332 
7.670000 -1.134258 6.482710 
7.680000 -1.069382 6.491772 
7.690000 -1.004422 6.499518 
7.700000 -0.939392 6.505951 
7.710000 -0.874303 6.511070 
7.720000 -0.809170 6.514878 
7.730000 -0.744006 6.517378 
7.740000 -0.678823 6.518569 
7.750000 -0.613634 6.518456 
7.760000 -0.548454 6.517041 
7.770000 -0.483294 6.514326 
7.780000 -0.418167 6.510315 
7.790000 -0.353087 6.505012 
7.800000 -0.288067 6.498419 
7.810000 -0.223119 6.490541 
7.820000 -0.158256 6.481382 
7.830000 -0.093491 6.470946 
7.840000 -0.028837 6.459237 
7.850000 0.035694 6.446262 
7.860000 0.100088 6.432025 
7.870000 0.164334 6.416531 
7.880000 0.228419 6.399785 
7.890000 0.292330 6.381795 
7.900000 0.356055 6.362565 
7.910000 0.419581 6.342102 
7.920000 0.482897 6.320413 
7.930000 0.545989 6.297505 
7.940000 0.608847 6.273384 
7.950000 0.671457 6.248058 
7.960000 0.733808 6.221533 
7.970000 0.795888 6.193819 
7.980000 0.857684 6.164923 
7.990000 0.919186 6.134852 
8.000000 0.980381 6.103616 
8.010000 1.041259 6.071223 
8.020000 1.101806 6.037681 
8.030000 1.162012 6.003000 
8.040000 1.221866 5.967188 
8.050000 1.281356 5.930256 
8.060000 1.340471 5.892213 
8.070000 1.399200 5.853069 
8.080000 1.457532 5.812833 
8.090000 1.515457 5.771516 
8.100000 1.572963 5.729129 
8.110000 1.630040 5.685681 
8.120000 1.686676 5.641184 
8.130000 1.742863 5.595649 
8.140000 1.798589 5.549087 
8.150000 1.853845 5.501509 
8.160000 1.908620 5.452927 
8.170000 1.962904 5.403353 
8.180000 2.016687 5.352798 
8.190000 2.069960 5.301274 
8.200000 2.122712 5.248794 
8.210000 2.174936 5.195371 
8.220000 2.226620 5.141016 
8.230000 2.277756 5.085742 
8.240000 2.328335 5.029562 
8.250000 2.378347 4.972490 
8.260000 2.427784 4.914539 
8.270000 2.476638 4.855721 
8.280000 2.524899 4.796050 
8.290000 2.572559 4.735541 
8.300000 2.619610 4.674206 
8.310000 2.666043 4.612060 
8.320000 2.711851 4.549116 
8.330000 2.757025 4.485389 
8.340000 2.801559 4.420893 
8.350000 2.845443 4.355643 
8.360000 2.888672 4.289653 
8.370000 2.931236 4.222938 
8.380000 2.973131 4.155512 
8.390000 3.014347 4.087390 
8.400000 3.054878 4.018588 
8.410000 3.094719 3.949121 
8.420000 3.133861 3.879003 
8.430000 3.172299 3.808251 
8.440000 3.210026 3.736878 
8.450000 3.247036 3.664902 
8.460000 3.283324 3.592337 
8.470000 3.318883 3.519200 
8.480000 3.353708 3.445505 
8.490000 3.387793 3.371269 
8.500000 3.421133 3.296508 
8.510000 3.453723 3.221238 
8.520000 3.485558 3.145475 
8.530000 3.516633 3.069234 
8.540000 3.546943 2.992532 
8.550000 3.576484 2.915386 
8.560000 3.605251 2.837811 
8.570000 3.633240 2.759825 
8.580000 3.660447 2.681443 
8.590000 3.686869 2.602681 
8.600000 3.712501 2.523557 
8.610000 3.737340 2.444087 
8.620000 3.761383 2.364287 
8.630000 3.784626 2.284174 
8.640000 3.807066 2.203765 
8.650000 3.828701 2.123077 
8.660000 3.849528 2.042125 
8.670000 3.869544 1.960927 
8.680000 3.888746 1.879500 
8.690000 3.907134 1.797859 
8.700000 3.924704 1.716023 
8.710000 3.941454 1.634007 
8.720000 3.957384 1.551829 
8.730000 3.972491 1.469504 
8.740000 3.986774 1.387051 
8.750000 4.000232 1.304485 
8.760000 4.012864 1.221824 
8.770000 4.024668 1.139083 
8.780000 4.035645 1.056281 
8.790000 4.045794 0.973432 
8.800000 4.055114 0.890555 
8.810000 4.063605 0.807666 
8.820000 4.071267 0.724780 
8.830000 4.078101 0.641916 
8.840000 4.084106 0.559089 
8.850000 4.089283 0.476315 
8.860000 4.093632 0.393612 
8.870000 4.097155 0.310995 
8.880000 4.099852 0.228482 
8.890000 4.101725 0.146087 
8.900000 4.102774 0.063829 
8.910000 4.103001 -0.018279 
8.920000 4.102408 -0.100218 
8.930000 4.100997 -0.181974 
8.940000 4.098769 -0.263530 
8.950000 4.095726 -0.344871 
8.960000 4.091871 -0.425980 
8.970000 4.087207 -0.506842 
8.980000 4.081735 -0.587441 
8.990000 4.075458 -0.667762 
9.000000 4.068379 -0.747788 
9.010000 4.060502 -0.827506 
9.020000 4.051829 -0.906898 
9.030000 4.042364 -0.985951 
9.040000 4.032110 -1.064649 
9.050000 4.021071 -1.142977 
9.060000 4.009251 -1.220920 
9.070000 3.996653 -1.298463 
9.080000 3.983282 -1.375592 
9.090000 3.969141 -1.452292 
9.100000 3.954236 -1.528549 
9.110000 3.938570 -1.604348 
9.120000 3.922149 -1.679674 
9.130000 3.904977 -1.754515 
9.140000 3.887059 -1.828855 
9.150000 3.868400 -1.902682 
9.160000 3.849005 -1.975981 
9.170000 3.828880 -2.048738 
9.180000 3.808030 -2.120941 
9.190000 3.786461 -2.192576 
9.200000 3.764179 -2.263629 
9.210000 3.741189 -2.334088 
9.220000 3.717497 -2.403940 
9.230000 3.693110 -2.473173 
9.240000 3.668034 -2.541772 
9.250000 3.642275 -2.609727 
9.260000 3.615839 -2.677024 
9.270000 3.588734 -2.743652 
9.280000 3.560966 -2.809599 
9.290000 3.532542 -2.874853 
9.300000 3.503469 -2.939401 
9.310000 3.473754 -3.003234 
9.320000 3.443405 -3.066339 
9.330000 3.412427 -3.128705 
9.340000 3.380830 -3.190321 
9.350000 3.348621 -3.251177 
9.360000 3.315807 -3.311261 
9.370000 3.282396 -3.370564 
9.380000 3.248396 -3.429075 
9.390000 3.213814 -3.486784 
9.400000 3.178660 -3.543680 
9.410000 3.142941 -3.599755 
9.420000 3.106665 -3.654999 
9.430000 3.069841 -3.709402 
9.440000 3.032477 -3.762955 
9.450000 2.994582 -3.815649 
9.460000 2.956164 -3.867476 
9.470000 2.917232 -3.918426 
9.480000 2.877796 -3.968491 
9.490000 2.837863 -4.017664 
9.500000 2.797442 -4.065935 
9.510000 2.756544 -4.113298 
9.520000 2.715176 -4.159744 
9.530000 2.673349 -4.205266 
9.540000 2.631071 -4.249857 
9.550000 2.588352 -4.293509 
9.560000 2.545201 -4.336217 
9.570000 2.501628 -4.377973 
9.580000 2.457641 -4.418770 
9.590000 2.413252 -4.458603 
9.600000 2.368469 -4.497466 
9.610000 2.323303 -4.535352 
9.620000 2.277762 -4.572257 
9.630000 2.231858 -4.608174 
9.640000 2.185599 -4.643098 
9.650000 2.138996 -4.677025 
9.660000 2.092058 -4.709950 
9.670000 2.044797 -4.741868 
9.680000 1.997221 -4.772775 
9.690000 1.949341 -4.802666 
9.700000 1.901168 -4.831538 
9.710000 1.852711 -4.859386 
9.720000 1.803980 -4.886208 
9.730000 1.754986 -4.912001 
9.740000 1.705740 -4.936760 
9.750000 1.656251 -4.960483 
9.760000 1.606530 -4.983168 
9.770000 1.556588 -5.004812 
9.780000 1.506434 -5.025412 
9.790000 1.456080 -5.044968 
9.800000 1.405535 -5.063476 
9.810000 1.354810 -5.080935 
9.820000 1.303916 -5.097345 
9.830000 1.252863 -5.112703 
9.840000 1.201662 -5.127008 
9.850000 1.150323 -5.140261 
9.860000 1.098857 -5.152460 
9.870000 1.047274 -5.163606 
9.880000 0.995585 -5.173697 
9.890000 0.943800 -5.182734 
9.900000 0.891930 -5.190718 
9.910000 0.839986 -5.197649 
9.920000 0.787977 -5.203527 
9.930000 0.735915 -5.208354 
9.940000 0.683810 -5.212130 
9.950000 0.631672 -5.214858 
9.960000 0.579513 -5.216538 
9.970000 0.527342 -5.217172 
9.980000 0.475169 -5.216763 
9.990000 0.423006 -5.215312 
10.000000 0.370863 -5.212822 
10.010000 0.318750 -5.209295 
10.020000 0.266677 -5.204735 
10.030000 0.214655 -5.199143 
10.040000 0.162694 -5.192524 
10.050000 0.110805 -5.184881 
10.060000 0.058997 -5.176217 
10.070000 0.007280 -5.166536 
10.080000 -0.044334 -5.155842 
10.090000 -0.095836 -5.144139 
10.100000 -0.147217 -5.131432 
10.110000 -0.198465 -5.117725 
10.120000 -0.249571 -5.103023 
10.130000 -0.300526 -5.087330 
10.140000 -0.351318 -5.070652 
10.150000 -0.401939 -5.052995 
10.160000 -0.452378 -5.034363 
10.170000 -0.502626 -5.014762 
10.180000 -0.552673 -4.994199 
10.190000 -0.602510 -4.972679 
10.200000 -0.652127 -4.950208 
10.210000 -0.701514 -4.926793 
10.220000 -0.750663 -4.902440 
10.230000 -0.799563 -4.877157 
10.240000 -0.848206 -4.850949 
10.250000 -0.896582 -4.823825 
10.260000 -0.944682 -4.795790 
10.270000 -0.992498 -4.766854 
10.280000 -1.040019 -4.737023 
10.290000 -1.087238 -4.706305 
10.300000 -1.134145 -4.674708 
10.310000 -1.180732 -4.642241 
10.320000 -1.226990 -4.608910 
10.330000 -1.272911 -4.574725 
10.340000 -1.318485 -4.539695 
10.350000 -1.363705 -4.503827 
10.360000 -1.408561 -4.467132 
10.370000 -1.453047 -4.429616 
10.380000 -1.497154 -4.391291 
10.390000 -1.540873 -4.352165 
10.400000 -1.584197 -4.312248 
10.410000 -1.627118 -4.271548 
10.420000 -1.669628 -4.230077 
10.430000 -1.711720 -4.187843 
10.440000 -1.753385 -4.144857 
10.450000 -1.794617 -4.101128 
10.460000 -1.835408 -4.056667 
10.470000 -1.875750 -4.011485 
10.480000 -1.915637 -3.965592 
10.490000 -1.955062 -3.918997 
10.500000 -1.994017 -3.871713 
10.510000 -2.032496 -3.823750 
10.520000 -2.070492 -3.775118 
10.530000 -2.107999 -3.725830 
10.540000 -2.145009 -3.675895 
10.550000 -2.181517 -3.625326 
10.560000 -2.217515 -3.574133 
10.570000 -2.252999 -3.522329 
10.580000 -2.287962 -3.469924 
10.590000 -2.322398 -3.416931 
10.600000 -2.356301 -3.363360 
10.610000 -2.389665 -3.309225 
10.620000 -2.422485 -3.254537 
10.630000 -2.454756 -3.199308 
10.640000 -2.486471 -3.143549 
10.650000 -2.517627 -3.087274 
10.660000 -2.548217 -3.030495 
10.670000 -2.578237 -2.973224 
10.680000 -2.607681 -2.915473 
10.690000 -2.636546 -2.857255 
10.700000 -2.664827 -2.798582 
10.710000 -2.692518 -2.739467 
10.720000 -2.719616 -2.679923 
10.730000 -2.746116 -2.619963 
10.740000 -2.772015 -2.559599 
10.750000 -2.797308 -2.498844 
10.760000 -2.821992 -2.437711 
10.770000 -2.846063 -2.376214 
10.780000 -2.869516 -2.314364 
10.790000 -2.892350 -2.252175 
10.800000 -2.914560 -2.189661 
10.810000 -2.936143 -2.126834 
10.820000 -2.957097 -2.063708 
10.830000 -2.977417 -2.000296 
10.840000 -2.997103 -1.936610 
10.850000 -3.016150 -1.872665 
10.860000 -3.034556 -1.808474 
10.870000 -3.052319 -1.744049 
10.880000 -3.069437 -1.679405 
10.890000 -3.085907 -1.614554 
10.900000 -3.101728 -1.549510 
10.910000 -3.116898 -1.484287 
10.920000 -3.131414 -1.418897 
10.930000 -3.145276 -1.353355 
10.940000 -3.158481 -1.287673 
10.950000 -3.171029 -1.221865 
10.960000 -3.182918 -1.155944 
10.970000 -3.194148 -1.089924 
10.980000 -3.204717 -1.023818 
10.990000 -3.214624 -0.957640 
11.000000 -3.223870 -0.891403 
11.010000 -3.232452 -0.825120 
11.020000 -3.240372 -0.758804 
11.030000 -3.247629 -0.692470 
11.040000 -3.254222 -0.626129 
11.050000 -3.260151 -0.559796 
11.060000 -3.265417 -0.493484 
11.070000 -3.270021 -0.427206 
11.080000 -3.273962 -0.360974 
11.090000 -3.277240 -0.294803 
11.100000 -3.279858 -0.228706 
11.110000 -3.281815 -0.162694 
11.120000 -3.283112 -0.096782 
11.130000 -3.283750 -0.030983 
11.140000 -3.283731 0.034692 
11.150000 -3.283056 0.100228 
11.160000 -3.281727 0.165613 
11.170000 -3.279744 0.230835 
11.180000 -3.277110 0.295880 
11.190000 -3.273827 0.360735 
11.200000 -3.269895 0.425390 
11.210000 -3.265319 0.489830 
11.220000 -3.260099 0.554043 
11.230000 -3.254238 0.618018 
11.240000 -3.247739 0.681741 
11.250000 -3.240603 0.745200 
11.260000 -3.232835 0.808384 
11.270000 -3.224436 0.871280 
11.280000 -3.215409 0.933876 
11.290000 -3.205758 0.996161 
11.300000 -3.195486 1.058122 
11.310000 -3.184596 1.119748 
11.320000 -3.173091 1.181027 
11.330000 -3.160975 1.241947 
11.340000 -3.148252 1.302498 
11.350000 -3.134925 1.362668 
11.360000 -3.120999 1.422444 
11.370000 -3.106476 1.481818 
11.380000 -3.091362 1.540776 
11.390000 -3.075661 1.599309 
11.400000 -3.059376 1.657405 
11.410000 -3.042513 1.715055 
11.420000 -3.025075 1.772246 
11.430000 -3.007068 1.828969 
11.440000 -2.988496 1.885213 
11.450000 -2.969364 1.940968 
11.460000 -2.949676 1.996223 
11.470000 -2.929439 2.050970 
11.480000 -2.908657 2.105197 
11.490000 -2.887335 2.158895 
11.500000 -2.865479 2.212055 
11.510000 -2.843094 2.264666 
11.520000 -2.820186 2.316720 
11.530000 -2.796760 2.368207 
11.540000 -2.772822 2.419118 
11.550000 -2.748378 2.469443 
11.560000 -2.723433 2.519175 
11.570000 -2.697994 2.568304 
11.580000 -2.672067 2.616822 
11.590000 -2.645658 2.664719 
11.600000 -2.618773 2.711989 
11.610000 -2.591418 2.758622 
11.620000 -2.563600 2.804611 
11.630000 -2.535326 2.849948 
11.640000 -2.506601 2.894625 
11.650000 -2.477433 2.938634 
11.660000 -2.447829 2.981967 
11.670000 -2.417794 3.024619 
11.680000 -2.387336 3.066581 
11.690000 -2.356462 3.107846 
11.700000 -2.325179 3.148408 
11.710000 -2.293494 3.188260 
11.720000 -2.261414 3.227395 
11.730000 -2.228946 3.265807 
11.740000 -2.196098 3.303489 
11.750000 -2.162876 3.340437 
11.760000 -2.129289 3.376643 
11.770000 -2.095344 3.412102 
11.780000 -2.061047 3.446808 
11.790000 -2.026407 3.480756 
11.800000 -1.991432 3.513941 
11.810000 -1.956129 3.546358 
11.820000 -1.920505 3.578001 
11.830000 -1.884569 3.608866 
11.840000 -1.848328 3.638948 
11.850000 -1.811790 3.668244 
11.860000 -1.774963 3.696747 
11.870000 -1.737855 3.724455 
11.880000 -1.700474 3.751364 
11.890000 -1.662828 3.777469 
11.900000 -1.624924 3.802767 
11.910000 -1.586772 3.827255 
11.920000 -1.548379 3.850929 
11.930000 -1.509754 3.873786 
11.940000 -1.470904 3.895824 
11.950000 -1.431837 3.917039 
11.960000 -1.392563 3.937429 
11.970000 -1.353089 3.956992 
11.980000 -1.313423 3.975725 
11.990000 -1.273574 3.993626 
12.000000 -1.233550 4.010693 
12.010000 -1.193360 4.026925 
12.020000 -1.153012 4.042320 
12.030000 -1.112514 4.056876 
12.040000 -1.071874 4.070593 
12.050000 -1.031102 4.083469 
12.060000 -0.990205 4.095503 
12.070000 -0.949192 4.106695 
12.080000 -0.908071 4.117044 
12.090000 -0.866851 4.126550 
12.100000 -0.825540 4.135212 
12.110000 -0.784147 4.143031 
12.120000 -0.742679 4.150006 
12.130000 -0.701147 4.156138 
12.140000 -0.659557 4.161427 
12.150000 -0.617918 4.165875 
12.160000 -0.576239 4.169481 
12.170000 -0.534529 4.172246 
12.180000 -0.492794 4.174173 
12.190000 -0.451045 4.175261 
12.200000 -0.409289 4.175514 
12.210000 -0.367535 4.174931 
12.220000 -0.325790 4.173515 
12.230000 -0.284064 4.171269 
12.240000 -0.242365 4.168193 
12.250000 -0.200701 4.164290 
12.260000 -0.159079 4.159564 
12.270000 -0.117509 4.154015 
12.280000 -0.075999 4.147648 
12.290000 -0.034556 4.140465 
12.300000 0.006810 4.132469 
12.310000 0.048093 4.123663 
12.320000 0.089284 4.114050 
12.330000 0.130374 4.103635 
12.340000 0.171356 4.092421 
12.350000 0.212222 4.080411 
12.360000 0.252965 4.067610 
12.370000 0.293575 4.054022 
12.380000 0.334045 4.039651 
12.390000 0.374368 4.024502 
12.400000 0.414535 4.008578 
12.410000 0.454539 3.991886 
12.420000 0.494373 3.974429 
12.430000 0.534028 3.956213 
12.440000 0.573497 3.937243 
12.450000 0.612773 3.917525 
12.460000 0.651848 3.897063 
12.470000 0.690714 3.875863 
12.480000 0.729365 3.853931 
12.490000 0.767793 3.831272 
12.500000 0.805990 3.807894 
12.510000 0.843951 3.783801 
12.520000 0.881666 3.759001 
12.530000 0.919131 3.733498 
12.540000 0.956336 3.707301 
12.550000 0.993277 3.680416 
12.560000 1.029945 3.652849 
12.570000 1.066334 3.624607 
12.580000 1.102437 3.595697 
12.590000 1.138248 3.566126 
12.600000 1.173759 3.535903 
12.610000 1.208966 3.505033 
12.620000 1.243860 3.473524 
12.630000 1.278436 3.441384 
12.640000 1.312688 3.408621 
12.650000 1.346609 3.375242 
12.660000 1.380193 3.341256 
12.670000 1.413434 3.306669 
12.680000 1.446326 3.271492 
12.690000 1.478864 3.235730 
12.700000 1.511041 3.199394 
12.710000 1.542851 3.162491 
12.720000 1.574290 3.125030 
12.730000 1.605352 3.087020 
12.740000 1.636031 3.048468 
12.750000 1.666321 3.009384 
12.760000 1.696219 2.969778 
12.770000 1.725717 2.929657 
12.780000 1.754812 2.889030 
12.790000 1.783498 2.847908 
12.800000 1.811770 2.806299 
12.810000 1.839624 2.764212 
12.820000 1.867054 2.721657 
12.830000 1.894057 2.678643 
12.840000 1.920627 2.635180 
12.850000 1.946760 2.591277 
12.860000 1.972453 2.546945 
12.870000 1.997699 2.502192 
12.880000 2.022497 2.457028 
12.890000 2.046840 2.411464 
12.900000 2.070726 2.365509 
12.910000 2.094150 2.319173 
12.920000 2.117109 2.272466 
12.930000 2.139600 2.225398 
12.940000 2.161617 2.177980 
12.950000 2.183159 2.130222 
12.960000 2.204222 2.082133 
12.970000 2.224802 2.033724 
12.980000 2.244896 1.985006 
12.990000 2.264502 1.935989 
13.000000 2.283616 1.886682 
13.010000 2.302236 1.837097 
13.020000 2.320358 1.787244 
13.030000 2.337981 1.737134 
13.040000 2.355101 1.686777 
13.050000 2.371716 1.636183 
13.060000 2.387824 1.585363 
13.070000 2.403423 1.534328 
13.080000 2.418511 1.483089 
13.090000 2.433085 1.431656 
13.100000 2.447144 1.380039 
13.110000 2.460686 1.328250 
13.120000 2.473709 1.276298 
13.130000 2.486212 1.224196 
13.140000 2.498193 1.171953 
13.150000 2.509651 1.119581 
13.160000 2.520585 1.067089 
13.170000 2.530993 1.014489 
13.180000 2.540875 0.961791 
13.190000 2.550229 0.909007 
13.200000 2.559055 0.856146 
13.210000 2.567352 0.803220 
13.220000 2.575119 0.750239 
13.230000 2.582357 0.697214 
13.240000 2.589063 0.644156 
13.250000 2.595240 0.591075 
13.260000 2.600885 0.537982 
13.270000 2.605999 0.484888 
13.280000 2.610583 0.431802 
13.290000 2.614635 0.378737 
13.300000 2.618158 0.325702 
13.310000 2.621149 0.272708 
13.320000 2.623612 0.219765 
13.330000 2.625545 0.166884 
13.340000 2.626949 0.114076 
13.350000 2.627826 0.061350 
13.360000 2.628176 0.008718 
13.370000 2.628001 -0.043812 
13.380000 2.627300 -0.096227 
13.390000 2.626076 -0.148519 
13.400000 2.624330 -0.200676 
13.410000 2.622063 -0.252689 
13.420000 2.619276 -0.304548 
13.430000 2.615972 -0.356242 
13.440000 2.612151 -0.407762 
13.450000 2.607817 -0.459097 
13.460000 2.602969 -0.510238 
13.470000 2.597612 -0.561175 
13.480000 2.591746 -0.611898 
13.490000 2.585374 -0.662397 
13.500000 2.578498 -0.712663 
13.510000 2.571121 -0.762687 
13.520000 2.563244 -0.812458 
13.530000 2.554872 -0.861967 
13.540000 2.546005 -0.911205 
13.550000 2.536647 -0.960162 
13.560000 2.526802 -1.008830 
13.570000 2.516471 -1.057199 
13.580000 2.505658 -1.105260 
13.590000 2.494366 -1.153004 
13.600000 2.482598 -1.200422 
13.610000 2.470357 -1.247506 
13.620000 2.457648 -1.294247 
13.630000 2.444472 -1.340635 
13.640000 2.430835 -1.386663 
13.650000 2.416739 -1.432322 
13.660000 2.402189 -1.477603 
13.670000 2.387187 -1.522499 
13.680000 2.371739 -1.567001 
13.690000 2.355847 -1.611101 
13.700000 2.339517 -1.654790 
13.710000 2.322751 -1.698062 
13.720000 2.305555 -1.740908 
13.730000 2.287933 -1.783321 
13.740000 2.269889 -1.825292 
13.750000 2.251427 -1.866815 
13.760000 2.232553 -1.907882 
13.770000 2.213270 -1.948486 
13.780000 2.193583 -1.988619 
13.790000 2.173497 -2.028275 
13.800000 2.153017 -2.067446 
13.810000 2.132148 -2.106126 
13.820000 2.110895 -2.144307 
13.830000 2.089262 -2.181984 
13.840000 2.067255 -2.219150 
13.850000 2.044879 -2.255798 
13.860000 2.022139 -2.291922 
13.870000 1.999041 -2.327516 
13.880000 1.975589 -2.362574 
13.890000 1.951789 -2.397089 
13.900000 1.927647 -2.431057 
13.910000 1.903168 -2.464471 
13.920000 1.878358 -2.497326 
13.930000 1.853222 -2.529616 
13.940000 1.827766 -2.561336 
13.950000 1.801995 -2.592481 
13.960000 1.775916 -2.623046 
13.970000 1.749534 -2.653026 
13.980000 1.722855 -2.682415 
13.990000 1.695886 -2.711210 
14.000000 1.668631 -2.739406 
14.010000 1.641098 -2.766998 
14.020000 1.613291 -2.793982 
14.030000 1.585218 -2.820354 
14.040000 1.556884 -2.846109 
14.050000 1.528296 -2.871245 
14.060000 1.499459 -2.895756 
14.070000 1.470381 -2.919640 
14.080000 1.441067 -2.942893 
14.090000 1.411523 -2.965511 
14.100000 1.381756 -2.987492 
14.110000 1.351773 -3.008831 
14.120000 1.321580 -3.029527 
14.130000 1.291183 -3.049577 
14.140000 1.260588 -3.068976 
14.150000 1.229803 -3.087724 
14.160000 1.198834 -3.105818 
14.170000 1.167687 -3.123254 
14.180000 1.136369 -3.140032 
14.190000 1.104886 -3.156149 
14.200000 1.073246 -3.171603 
14.210000 1.041454 -3.186392 
14.220000 1.009518 -3.200516 
14.230000 0.977444 -3.213971 
14.240000 0.945238 -3.226758 
14.250000 0.912909 -3.238874 
14.260000 0.880461 -3.250318 
14.270000 0.847902 -3.261091 
14.280000 0.815239 -3.271190 
14.290000 0.782478 -3.280616 
14.300000 0.749627 -3.289367 
14.310000 0.716691 -3.297443 
14.320000 0.683678 -3.304845 
14.330000 0.650594 -3.311571 
14.340000 0.617447 -3.317622 
14.350000 0.584242 -3.322999 
14.360000 0.550987 -3.327700 
14.370000 0.517688 -3.331727 
14.380000 0.484352 -3.335081 
14.390000 0.450986 -3.337761 
14.400000 0.417597 -3.339769 
14.410000 0.384191 -3.341106 
14.420000 0.350775 -3.341772 
14.430000 0.317355 -3.341770 
14.440000 0.283939 -3.341100 
14.450000 0.250533 -3.339763 
14.460000 0.217144 -3.337762 
14.470000 0.183778 -3.335098 
14.480000 0.150442 -3.331773 
14.490000 0.117143 -3.327788 
14.500000 0.083886 -3.323147 
14.510000 0.050680 -3.317851 
14.520000 0.017529 -3.311903 
14.530000 -0.015558 -3.305305 
14.540000 -0.048577 -3.298059 
14.550000 -0.081520 -3.290170 
14.560000 -0.114380 -3.281638 
14.570000 -0.147152 -3.272468 
14.580000 -0.179830 -3.262662 
14.590000 -0.212406 -3.252224 
14.600000 -0.244874 -3.241157 
14.610000 -0.277229 -3.229465 
14.620000 -0.309463 -3.217150 
14.630000 -0.341572 -3.204217 
14.640000 -0.373548 -3.190670 
14.650000 -0.405385 -3.176513 
14.660000 -0.437078 -3.161749 
14.670000 -0.468620 -3.146383 
14.680000 -0.500006 -3.130419 
14.690000 -0.531229 -3.113861 
14.700000 -0.562283 -3.096714 
14.710000 -0.593163 -3.078983 
14.720000 -0.623863 -3.060672 
14.730000 -0.654376 -3.041786 
14.740000 -0.684698 -3.022329 
14.750000 -0.714823 -3.002308 
14.760000 -0.744744 -2.981727 
14.770000 -0.774457 -2.960592 
14.780000 -0.803956 -2.938907 
14.790000 -0.833236 -2.916678 
14.800000 -0.862290 -2.893911 
14.810000 -0.891114 -2.870611 
14.820000 -0.919702 -2.846784 
14.830000 -0.948050 -2.822435 
14.840000 -0.976151 -2.797572 
14.850000 -1.004001 -2.772199 
14.860000 -1.031595 -2.746323 
14.870000 -1.058927 -2.719950 
14.880000 -1.085994 -2.693086 
14.890000 -1.112789 -2.665738 
14.900000 -1.139309 -2.637912 
14.910000 -1.165547 -2.609614 
14.920000 -1.191501 -2.580851 
14.930000 -1.217164 -2.551631 
14.940000 -1.242534 -2.521958 
14.950000 -1.267604 -2.491841 
14.960000 -1.292370 -2.461287 
14.970000 -1.316829 -2.430301 
14.980000 -1.340976 -2.398892 
14.990000 -1.364807 -2.367067 
15.000000 -1.388318 -2.334832 
15.010000 -1.411504 -2.302195 
15.020000 -1.434362 -2.269163 
15.030000 -1.456887 -2.235744 
15.040000 -1.479077 -2.201945 
15.050000 -1.500926 -2.167773 
15.060000 -1.522432 -2.133236 
15.070000 -1.543591 -2.098343 
15.080000 -1.564399 -2.063099 
15.090000 -1.584853 -2.027514 
15.100000 -1.604949 -1.991595 
15.110000 -1.624685 -1.955350 
15.120000 -1.644056 -1.918786 
15.130000 -1.663061 -1.881913 
15.140000 -1.681695 -1.844736 
15.150000 -1.699955 -1.807266 
15.160000 -1.717840 -1.769509 
15.170000 -1.735346 -1.731474 
15.180000 -1.752469 -1.693169 
15.190000 -1.769209 -1.654603 
15.200000 -1.785561 -1.615783 
15.210000 -1.801525 -1.576717 
15.220000 -1.817096 -1.537415 
15.230000 -1.832273 -1.497884 
15.240000 -1.847054 -1.458132 
15.250000 -1.861436 -1.418169 
15.260000 -1.875417 -1.378002 
15.270000 -1.888996 -1.337640 
15.280000 -1.902170 -1.297092 
15.290000 -1.914938 -1.256365 
15.300000 -1.927297 -1.215469 
15.310000 -1.939247 -1.174412 
15.320000 -1.950785 -1.133201 
15.330000 -1.961911 -1.091847 
15.340000 -1.972622 -1.050358 
15.350000 -1.982918 -1.008741 
15.360000 -1.992797 -0.967006 
15.370000 -2.002258 -0.925161 
15.380000 -2.011300 -0.883215 
15.390000 -2.019923 -0.841176 
15.400000 -2.028124 -0.799053 
15.410000 -2.035904 -0.756855 
15.420000 -2.043261 -0.714590 
15.430000 -2.050196 -0.672266 
15.440000 -2.056706 -0.629893 
15.450000 -2.062793 -0.587478 
15.460000 -2.068456 -0.545031 
15.470000 -2.073694 -0.502560 
15.480000 -2.078507 -0.460073 
15.490000 -2.082896 -0.417579 
15.500000 -2.086859 -0.375087 
15.510000 -2.090397 -0.332605 
15.520000 -2.093511 -0.290141 
15.530000 -2.096200 -0.247704 
15.540000 -2.098465 -0.205302 
15.550000 -2.100306 -0.162944 
15.560000 -2.101724 -0.120638 
15.570000 -2.102719 -0.078392 
15.580000 -2.103292 -0.036216 
15.590000 -2.103443 0.005884 
15.600000 -2.103174 0.047899 
15.610000 -2.102485 0.089820 
15.620000 -2.101378 0.131639 
15.630000 -2.099853 0.173348 
15.640000 -2.097911 0.214939 
15.650000 -2.095554 0.256405 
15.660000 -2.092783 0.297736 
15.670000 -2.089599 0.338925 
15.680000 -2.086004 0.379964 
15.690000 -2.082000 0.420845 
15.700000 -2.077587 0.461561 
15.710000 -2.072769 0.502103 
15.720000 -2.067545 0.542463 
15.730000 -2.061919 0.582635 
15.740000 -2.055893 0.622609 
15.750000 -2.049467 0.662380 
15.760000 -2.042645 0.701939 
15.770000 -2.035428 0.741278 
15.780000 -2.027820 0.780391 
15.790000 -2.019821 0.819269 
15.800000 -2.011434 0.857906 
15.810000 -2.002663 0.896295 
15.820000 -1.993508 0.934428 
15.830000 -1.983974 0.972298 
15.840000 -1.974062 1.009898 
15.850000 -1.963776 1.047221 
15.860000 -1.953118 1.084260 
15.870000 -1.942091 1.121008 
15.880000 -1.930698 1.157459 
15.890000 -1.918942 1.193606 
15.900000 -1.906826 1.229443 
15.910000 -1.894353 1.264962 
15.920000 -1.881527 1.300157 
15.930000 -1.868350 1.335022 
15.940000 -1.854826 1.369551 
15.950000 -1.840959 1.403737 
15.960000 -1.826751 1.437574 
15.970000 -1.812207 1.471057 
15.980000 -1.797330 1.504178 
15.990000 -1.782124 1.536933 
16.000000 -1.766592 1.569316 
16.010000 -1.750737 1.601320 
16.020000 -1.734565 1.632940 
16.030000 -1.718079 1.664171 
16.040000 -1.701282 1.695006 
16.050000 -1.684179 1.725442 
16.060000 -1.666773 1.755472 
16.070000 -1.649069 1.785091 
16.080000 -1.631071 1.814294 
16.090000 -1.612783 1.843077 
16.100000 -1.594210 1.871433 
16.110000 -1.575355 1.899359 
16.120000 -1.556222 1.926850 
16.130000 -1.536818 1.953901 
16.140000 -1.517144 1.980507 
16.150000 -1.497208 2.006665 
16.160000 -1.477011 2.032369 
16.170000 -1.456560 2.057616 
16.180000 -1.435859 2.082401 
16.190000 -1.414912 2.106720 
16.200000 -1.393725 2.130570 
16.210000 -1.372301 2.153947 
16.220000 -1.350646 2.176847 
16.230000 -1.328764 2.199266 
16.240000 -1.306660 2.221200 
16.250000 -1.284340 2.242647 
16.260000 -1.261807 2.263603 
16.270000 -1.239068 2.284065 
16.280000 -1.216126 2.304030 
16.290000 -1.192987 2.323494 
16.300000 -1.169656 2.342455 
16.310000 -1.146138 2.360910 
16.320000 -1.122438 2.378857 
16.330000 -1.098561 2.396293 
16.340000 -1.074512 2.413214 
16.350000 -1.050297 2.429620 
16.360000 -1.025920 2.445508 
16.370000 -1.001387 2.460875 
16.380000 -0.976702 2.475720 
16.390000 -0.951872 2.490040 
16.400000 -0.926901 2.503835 
16.410000 -0.901795 2.517101 
16.420000 -0.876559 2.529838 
16.430000 -0.851199 2.542044 
16.440000 -0.825719 2.553718 
16.450000 -0.800124 2.564858 
16.460000 -0.774421 2.575463 
16.470000 -0.748615 2.585533 
16.480000 -0.722711 2.595066 
16.490000 -0.696714 2.604061 
16.500000 -0.670629 2.612518 
16.510000 -0.644463 2.620436 
16.520000 -0.618221 2.627815 
16.530000 -0.591907 2.634654 
16.540000 -0.565528 2.640953 
16.550000 -0.539088 2.646711 
16.560000 -0.512593 2.651929 
16.570000 -0.486049 2.656607 
16.580000 -0.459461 2.660745 
16.590000 -0.432835 2.664343 
16.600000 -0.406174 2.667401 
16.610000 -0.379487 2.669920 
16.620000 -0.352776 2.671901 
16.630000 -0.326048 2.673344 
16.640000 -0.299309 2.674249 
16.650000 -0.272563 2.674619 
16.660000 -0.245817 2.674454 
16.670000 -0.219074 2.673754 
16.680000 -0.192342 2.672522 
16.690000 -0.165624 2.670758 
16.700000 -0.138927 2.668463 
16.710000 -0.112255 2.665641 
16.720000 -0.085614 2.662291 
16.730000 -0.059009 2.658416 
16.740000 -0.032445 2.654018 
16.750000 -0.005929 2.649098 
16.760000 0.020537 2.643659 
16.770000 0.046945 2.637702 
16.780000 0.073291 2.631230 
16.790000 0.099569 2.624245 
16.800000 0.125776 2.616750 
16.810000 0.151904 2.608747 
16.820000 0.177950 2.600239 
16.830000 0.203909 2.591228 
16.840000 0.229775 2.581718 
16.850000 0.255543 2.571711 
16.860000 0.281209 2.561209 
16.870000 0.306768 2.550217 
16.880000 0.332214 2.538738 
16.890000 0.357542 2.526774 
16.900000 0.382749 2.514329 
16.910000 0.407829 2.501407 
16.920000 0.432777 2.488010 
16.930000 0.457589 2.474144 
16.940000 0.482260 2.459810 
16.950000 0.506785 2.445014 
16.960000 0.531160 2.429759 
16.970000 0.555381 2.414048 
16.980000 0.579441 2.397887 
16.990000 0.603338 2.381279 
17.000000 0.627067 2.364229 
17.010000 0.650623 2.346740 
17.020000 0.674002 2.328817 
17.030000 0.697199 2.310464 
17.040000 0.720211 2.291687 
17.050000 0.743033 2.272489 
17.060000 0.765661 2.252876 
17.070000 0.788091 2.232851 
17.080000 0.810318 2.212421 
17.090000 0.832339 2.191589 
17.100000 0.854150 2.170361 
17.110000 0.875746 2.148742 
17.120000 0.897125 2.126736 
17.130000 0.918281 2.104350 
17.140000 0.939212 2.081587 
17.150000 0.959913 2.058455 
17.160000 0.980381 2.034957 
17.170000 1.000612 2.011100 
17.180000 1.020603 1.986888 
17.190000 1.040350 1.962328 
17.200000 1.059849 1.937425 
17.210000 1.079098 1.912184 
17.220000 1.098093 1.886612 
17.230000 1.116830 1.860714 
17.240000 1.135307 1.834496 
17.250000 1.153520 1.807964 
17.260000 1.171467 1.781124 
17.270000 1.189143 1.753981 
17.280000 1.206546 1.726542 
17.290000 1.223674 1.698813 
17.300000 1.240522 1.670800 
17.310000 1.257090 1.642509 
17.320000 1.273373 1.613946 
17.330000 1.289369 1.585118 
17.340000 1.305075 1.556031 
17.350000 1.320489 1.526691 
17.360000 1.335609 1.497105 
17.370000 1.350431 1.467278 
17.380000 1.364954 1.437218 
17.390000 1.379176 1.406931 
17.400000 1.393093 1.376424 
17.410000 1.406704 1.345702 
17.420000 1.420007 1.314773 
17.430000 1.433000 1.283642 
17.440000 1.445680 1.252318 
17.450000 1.458046 1.220806 
17.460000 1.470096 1.189113 
17.470000 1.481828 1.157246 
17.480000 1.493241 1.125211 
17.490000 1.504333 1.093015 
17.500000 1.515101 1.060665 
17.510000 1.525546 1.028168 
17.520000 1.535665 0.995531 
17.530000 1.545457 0.962760 
17.540000 1.554920 0.929862 
17.550000 1.564054 0.896844 
17.560000 1.572857 0.863712 
17.570000 1.581328 0.830474 
17.580000 1.589466 0.797137 
17.590000 1.597271 0.763707 
17.600000 1.604741 0.730191 
17.610000 1.611875 0.696597 
17.620000 1.618673 0.662930 
17.630000 1.625133 0.629198 
17.640000 1.631256 0.595408 
17.650000 1.637041 0.561566 
17.660000 1.642488 0.527680 
17.670000 1.647595 0.493756 
17.680000 1.652363 0.459801 
17.690000 1.656791 0.425822 
17.700000 1.660879 0.391826 
17.710000 1.664628 0.357820 
17.720000 1.668036 0.323810 
17.730000 1.671104 0.289803 
17.740000 1.673832 0.255807 
17.750000 1.676220 0.221827 
17.760000 1.678268 0.187870 
17.770000 1.679977 0.153944 
17.780000 1.681347 0.120056 
17.790000 1.682379 0.086210 
17.800000 1.683072 0.052416 
17.810000 1.683427 0.018678 
17.820000 1.683445 -0.014996 
17.830000 1.683127 -0.048600 
17.840000 1.682473 -0.082127 
17.850000 1.681485 -0.115570 
17.860000 1.680162 -0.148924 
17.870000 1.678506 -0.182181 
17.880000 1.676518 -0.215336 
17.890000 1.674199 -0.248381 
17.900000 1.671551 -0.281310 
17.910000 1.668573 -0.314117 
17.920000 1.665268 -0.346796 
17.930000 1.661637 -0.379341 
17.940000 1.657681 -0.411745 
17.950000 1.653402 -0.444001 
17.960000 1.648801 -0.476105 
17.970000 1.643880 -0.508049 
17.980000 1.638640 -0.539828 
17.990000 1.633084 -0.571435 
18.000000 1.627212 -0.602865 
18.010000 1.621026 -0.634112 
18.020000 1.614530 -0.665170 
18.030000 1.607723 -0.696033 
18.040000 1.600609 -0.726695 
18.050000 1.593189 -0.757150 
18.060000 1.585466 -0.787394 
18.070000 1.577441 -0.817419 
18.080000 1.569118 -0.847222 
18.090000 1.560497 -0.876795 
18.100000 1.551582 -0.906134 
18.110000 1.542374 -0.935234 
18.120000 1.532877 -0.964089 
18.130000 1.523092 -0.992693 
18.140000 1.513023 -1.021041 
18.150000 1.502672 -1.049130 
18.160000 1.492041 -1.076952 
18.170000 1.481133 -1.104503 
18.180000 1.469951 -1.131779 
18.190000 1.458497 -1.158774 
18.200000 1.446775 -1.185484 
18.210000 1.434787 -1.211903 
18.220000 1.422537 -1.238028 
18.230000 1.410027 -1.263853 
18.240000 1.397260 -1.289374 
18.250000 1.384239 -1.314586 
18.260000 1.370968 -1.339485 
18.270000 1.357450 -1.364066 
18.280000 1.343687 -1.388327 
18.290000 1.329683 -1.412261 
18.300000 1.315442 -1.435865 
18.310000 1.300966 -1.459135 
18.320000 1.286259 -1.482067 
18.330000 1.271325 -1.504657 
18.340000 1.256166 -1.526901 
18.350000 1.240787 -1.548796 
18.360000 1.225190 -1.570338 
18.370000 1.209380 -1.591522 
18.380000 1.193360 -1.612347 
18.390000 1.177133 -1.632807 
18.400000 1.160703 -1.652901 
18.410000 1.144075 -1.672624 
18.420000 1.127251 -1.691973 
18.430000 1.110235 -1.710946 
18.440000 1.093032 -1.729539 
18.450000 1.075645 -1.747749 
18.460000 1.058077 -1.765574 
18.470000 1.040333 -1.783010 
18.480000 1.022417 -1.800055 
18.490000 1.004332 -1.816707 
18.500000 0.986083 -1.832962 
18.510000 0.967673 -1.848818 
18.520000 0.949106 -1.864273 
18.530000 0.930387 -1.879325 
18.540000 0.911520 -1.893971 
18.550000 0.892508 -1.908210 
18.560000 0.873356 -1.922039 
18.570000 0.854067 -1.935456 
18.580000 0.834647 -1.948460 
18.590000 0.815098 -1.961048 
18.600000 0.795426 -1.973220 
18.610000 0.775634 -1.984972 
18.620000 0.755726 -1.996305 
18.630000 0.735708 -2.007216 
18.640000 0.715582 -2.017705 
18.650000 0.695353 -2.027769 
18.660000 0.675026 -2.037408 
18.670000 0.654605 -2.046620 
18.680000 0.634094 -2.055405 
18.690000 0.613497 -2.063762 
18.700000 0.592819 -2.071690 
18.710000 0.572063 -2.079188 
18.720000 0.551235 -2.086256 
18.730000 0.530338 -2.092893 
18.740000 0.509377 -2.099098 
18.750000 0.488356 -2.104871 
18.760000 0.467280 -2.110213 
18.770000 0.446152 -2.115122 
18.780000 0.424977 -2.119598 
18.790000 0.403760 -2.123643 
18.800000 0.382505 -2.127254 
18.810000 0.361215 -2.130434 
18.820000 0.339896 -2.133181 
18.830000 0.318551 -2.135497 
18.840000 0.297186 -2.137381 
18.850000 0.275804 -2.138835 
18.860000 0.254409 -2.139858 
18.870000 0.233007 -2.140452 
18.880000 0.211600 -2.140617 
18.890000 0.190194 -2.140353 
18.900000 0.168793 -2.139663 
18.910000 0.147401 -2.138546 
18.920000 0.126022 -2.137005 
18.930000 0.104661 -2.135039 
18.940000 0.083321 -2.132651 
18.950000 0.062008 -2.129842 
18.960000 0.040725 -2.126612 
18.970000 0.019476 -2.122964 
18.980000 -0.001735 -2.118899 
18.990000 -0.022902 -2.114419 
19.000000 -0.044023 -2.109526 
19.010000 -0.065093 -2.104220 
19.020000 -0.086108 -2.098505 
19.030000 -0.107063 -2.092382 
19.040000 -0.127955 -2.085853 
19.050000 -0.148780 -2.078920 
19.060000 -0.169534 -2.071586 
19.070000 -0.190212 -2.063853 
19.080000 -0.210811 -2.055722 
19.090000 -0.231326 -2.047197 
19.100000 -0.251755 -2.038280 
19.110000 -0.272092 -2.028974 
19.120000 -0.292334 -2.019281 
19.130000 -0.312477 -2.009204 
19.140000 -0.332518 -1.998745 
19.150000 -0.352452 -1.987908 
19.160000 -0.372276 -1.976695 
19.170000 -0.391986 -1.965110 
19.180000 -0.411579 -1.953155 
19.190000 -0.431049 -1.940834 
19.200000 -0.450395 -1.928150 
19.210000 -0.469612 -1.915106 
19.220000 -0.488697 -1.901705 
19.230000 -0.507647 -1.887951 
19.240000 -0.526456 -1.873847 
19.250000 -0.545123 -1.859398 
19.260000 -0.563644 -1.844605 
19.270000 -0.582016 -1.829473 
19.280000 -0.600234 -1.814006 
19.290000 -0.618296 -1.798208 
19.300000 -0.636198 -1.782082 
19.310000 -0.653937 -1.765632 
19.320000 -0.671511 -1.748862 
19.330000 -0.688915 -1.731776 
19.340000 -0.706146 -1.714378 
19.350000 -0.723202 -1.696673 
19.360000 -0.740080 -1.678663 
19.370000 -0.756775 -1.660355 
19.380000 -0.773287 -1.641751 
19.390000 -0.789611 -1.622856 
19.400000 -0.805744 -1.603675 
19.410000 -0.821684 -1.584212 
19.420000 -0.837428 -1.564471 
19.430000 -0.852973 -1.544457 
19.440000 -0.868317 -1.524174 
19.450000 -0.883457 -1.503627 
19.460000 -0.898390 -1.482821 
19.470000 -0.913113 -1.461761 
19.480000 -0.927625 -1.440450 
19.490000 -0.941922 -1.418894 
19.500000 -0.956003 -1.397097 
19.510000 -0.969864 -1.375065 
19.520000 -0.983504 -1.352803 
19.530000 -0.996920 -1.330314 
19.540000 -1.010111 -1.307604 
19.550000 -1.023073 -1.284679 
19.560000 -1.035804 -1.261543 
19.570000 -1.048303 -1.238201 
19.580000 -1.060568 -1.214658 
19.590000 -1.072597 -1.190919 
19.600000 -1.084387 -1.166990 
19.610000 -1.095936 -1.142876 
19.620000 -1.107244 -1.118581 
19.630000 -1.118308 -1.094112 
19.640000 -1.129126 -1.069473 
19.650000 -1.139697 -1.044669 
19.660000 -1.150020 -1.019706 
19.670000 -1.160092 -0.994589 
19.680000 -1.169912 -0.969324 
19.690000 -1.179478 -0.943916 
19.700000 -1.188790 -0.918369 
19.710000 -1.197846 -0.892691 
19.720000 -1.206644 -0.866885 
19.730000 -1.215183 -0.840957 
19.740000 -1.223463 -0.814914 
19.750000 -1.231482 -0.788759 
19.760000 -1.239238 -0.762499 
19.770000 -1.246732 -0.736140 
19.780000 -1.253961 -0.709685 
19.790000 -1.260925 -0.683142 
19.800000 -1.267624 -0.656516 
19.810000 -1.274056 -0.629811 
19.820000 -1.280220 -0.603034 
19.830000 -1.286116 -0.576190 
19.840000 -1.291744 -0.549285 
19.850000 -1.297102 -0.522324 
19.860000 -1.302190 -0.495312 
19.870000 -1.307008 -0.468255 
19.880000 -1.311555 -0.441158 
19.890000 -1.315831 -0.414028 
19.900000 -1.319836 -0.386869 
19.910000 -1.323569 -0.359687 
19.920000 -1.327030 -0.332487 
19.930000 -1.330219 -0.305276 
19.940000 -1.333135 -0.278058 
19.950000 -1.335780 -0.250838 
19.960000 -1.338152 -0.223623 
19.970000 -1.340252 -0.196418 
19.980000 -1.342080 -0.169227 
19.990000 -1.343637 -0.142057 
20.000000 -1.344922 -0.114914 
20.010000 -1.345935 -0.087801 
20.020000 -1.346678 -0.060725 
20.030000 -1.347150 -0.033691 
20.040000 -1.347351 -0.006704 
20.050000 -1.347284 0.020230 
20.060000 -1.346947 0.047106 
20.070000 -1.346342 0.073919 
20.080000 -1.345468 0.100664 
20.090000 -1.344328 0.127335 
20.100000 -1.342922 0.153928 
20.110000 -1.341250 0.180437 
20.120000 -1.339313 0.206856 
20.130000 -1.337113 0.233182 
20.140000 -1.334649 0.259408 
20.150000 -1.331924 0.285530 
20.160000 -1.328939 0.311543 
20.170000 -1.325694 0.337442 
20.180000 -1.322190 0.363221 
20.190000 -1.318429 0.388876 
20.200000 -1.314412 0.414403 
20.210000 -1.310141 0.439795 
20.220000 -1.305617 0.465049 
20.230000 -1.300840 0.490160 
20.240000 -1.295813 0.515122 
20.250000 -1.290538 0.539932 
20.260000 -1.285015 0.564584 
20.270000 -1.279246 0.589074 
20.280000 -1.273233 0.613397 
20.290000 -1.266978 0.637550 
20.300000 -1.260482 0.661526 
20.310000 -1.253748 0.685323 
20.320000 -1.246776 0.708935 
20.330000 -1.239569 0.732358 
20.340000 -1.232129 0.755588 
20.350000 -1.224457 0.778621 
20.360000 -1.216556 0.801452 
20.370000 -1.208428 0.824077 
20.380000 -1.200075 0.846493 
20.390000 -1.191498 0.868694 
20.400000 -1.182701 0.890678 
20.410000 -1.173685 0.912440 
20.420000 -1.164452 0.933976 
20.430000 -1.155005 0.955282 
20.440000 -1.145347 0.976355 
20.450000 -1.135478 0.997190 
20.460000 -1.125403 1.017785 
20.470000 -1.115122 1.038135 
20.480000 -1.104640 1.058238 
20.490000 -1.093958 1.078088 
20.500000 -1.083078 1.097684 
20.510000 -1.072004 1.117021 
20.520000 -1.060738 1.136096 
20.530000 -1.049282 1.154906 
20.540000 -1.037640 1.173447 
20.550000 -1.025813 1.191717 
20.560000 -1.013805 1.209713 
20.570000 -1.001619 1.227431 
20.580000 -0.989257 1.244868 
20.590000 -0.976722 1.262022 
20.600000 -0.964016 1.278889 
20.610000 -0.951144 1.295467 
20.620000 -0.938107 1.311753 
20.630000 -0.924909 1.327744 
20.640000 -0.911552 1.343438 
20.650000 -0.898040 1.358832 
20.660000 -0.884376 1.373924 
20.670000 -0.870562 1.388712 
20.680000 -0.856601 1.403192 
20.690000 -0.842498 1.417363 
20.700000 -0.828254 1.431223 
20.710000 -0.813873 1.444768 
20.720000 -0.799359 1.457998 
20.730000 -0.784713 1.470911 
20.740000 -0.769940 1.483503 
20.750000 -0.755043 1.495774 
20.760000 -0.740025 1.507722 
20.770000 -0.724889 1.519344 
20.780000 -0.709638 1.530640 
20.790000 -0.694276 1.541607 
20.800000 -0.678806 1.552245 
20.810000 -0.663231 1.562551 
20.820000 -0.647555 1.572524 
20.830000 -0.631781 1.582163 
20.840000 -0.615912 1.591466 
20.850000 -0.599951 1.600433 
20.860000 -0.583903 1.609063 
20.870000 -0.567770 1.617353 
20.880000 -0.551556 1.625304 
20.890000 -0.535264 1.632914 
20.900000 -0.518898 1.640183 
20.910000 -0.502460 1.647110 
20.920000 -0.485955 1.653693 
20.930000 -0.469386 1.659933 
20.940000 -0.452757 1.665829 
20.950000 -0.436070 1.671380 
20.960000 -0.419329 1.676586 
20.970000 -0.402538 1.681447 
20.980000 -0.385700 1.685962 
20.990000 -0.368819 1.690131 
21.000000 -0.351898 1.693954 
21.010000 -0.334940 1.697431 
21.020000 -0.317949 1.700562 
21.030000 -0.300929 1.703347 
21.040000 -0.283882 1.705786 
21.050000 -0.266813 1.707879 
21.060000 -0.249725 1.709627 
21.070000 -0.232620 1.711030 
21.080000 -0.215504 1.712088 
21.090000 -0.198379 1.712801 
21.100000 -0.181248 1.713172 
21.110000 -0.164115 1.713199 
21.120000 -0.146984 1.712883 
21.130000 -0.129858 1.712226 
21.140000 -0.112739 1.711229 
21.150000 -0.095633 1.709891 
21.160000 -0.078542 1.708215 
21.170000 -0.061469 1.706200 
21.180000 -0.044418 1.703848 
21.190000 -0.027392 1.701161 
21.200000 -0.010394 1.698140 
21.210000 0.006571 1.694785 
21.220000 0.023501 1.691098 
21.230000 0.040393 1.687080 
21.240000 0.057243 1.682734 
21.250000 0.074048 1.678059 
21.260000 0.090804 1.673059 
21.270000 0.107509 1.667735 
21.280000 0.124159 1.662088 
21.290000 0.140751 1.656120 
21.300000 0.157281 1.649834 
21.310000 0.173747 1.643230 
21.320000 0.190146 1.636311 
21.330000 0.206474 1.629079 
21.340000 0.222727 1.621536 
21.350000 0.238904 1.613684 
21.360000 0.255001 1.605525 
21.370000 0.271015 1.597061 
21.380000 0.286942 1.588296 
21.390000 0.302781 1.579231 
21.400000 0.318527 1.569868 
21.410000 0.334178 1.560210 
21.420000 0.349731 1.550260 
21.430000 0.365183 1.540020 
21.440000 0.380532 1.529492 
21.450000 0.395773 1.518680 
21.460000 0.410905 1.507587 
21.470000 0.425925 1.496214 
21.480000 0.440829 1.484565 
21.490000 0.455616 1.472643 
21.500000 0.470282 1.460450 
21.510000 0.484825 1.447989 
21.520000 0.499242 1.435265 
21.530000 0.513531 1.422279 
21.540000 0.527688 1.409034 
21.550000 0.541711 1.395535 
21.560000 0.555598 1.381784 
21.570000 0.569347 1.367784 
21.580000 0.582954 1.353539 
21.590000 0.596418 1.339052 
21.600000 0.609735 1.324326 
21.610000 0.622904 1.309365 
21.620000 0.635922 1.294172 
21.630000 0.648788 1.278751 
21.640000 0.661498 1.263106 
21.650000 0.674050 1.247239 
21.660000 0.686442 1.231155 
21.670000 0.698673 1.214857 
21.680000 0.710739 1.198349 
21.690000 0.722640 1.181634 
21.700000 0.734372 1.164716 
21.710000 0.745934 1.147600 
21.720000 0.757324 1.130289 
21.730000 0.768540 1.112786 
21.740000 0.779580 1.095096 
21.750000 0.790442 1.077222 
21.760000 0.801124 1.059169 
21.770000 0.811625 1.040941 
21.780000 0.821943 1.022541 
21.790000 0.832076 1.003973 
21.800000 0.842023 0.985242 
21.810000 0.851781 0.966351 
21.820000 0.861350 0.947305 
21.830000 0.870727 0.928108 
21.840000 0.879912 0.908764 
21.850000 0.888902 0.889276 
21.860000 0.897697 0.869650 
21.870000 0.906295 0.849890 
21.880000 0.914695 0.829999 
21.890000 0.922895 0.809982 
21.900000 0.930895 0.789843 
21.910000 0.938692 0.769587 
21.920000 0.946287 0.749217 
21.930000 0.953677 0.728739 
21.940000 0.960861 0.708155 
21.950000 0.967840 0.687471 
21.960000 0.974611 0.666692 
21.970000 0.981174 0.645820 
21.980000 0.987527 0.624861 
21.990000 0.993671 0.603820 
22.000000 0.999604 0.582699 
22.010000 1.005325 0.561505 
22.020000 1.010834 0.540240 
22.030000 1.016130 0.518910 
22.040000 1.021212 0.497520 
22.050000 1.026080 0.476072 
22.060000 1.030733 0.454572 
22.070000 1.035171 0.433024 
22.080000 1.039394 0.411433 
22.090000 1.043400 0.389803 
22.100000 1.047190 0.368138 
22.110000 1.050763 0.346443 
22.120000 1.054119 0.324722 
22.130000 1.057257 0.302979 
22.140000 1.060178 0.281219 
22.150000 1.062882 0.259447 
22.160000 1.065367 0.237666 
22.170000 1.067635 0.215882 
22.180000 1.069685 0.194097 
22.190000 1.071517 0.172318 
22.200000 1.073131 0.150547 
22.210000 1.074528 0.128790 
22.220000 1.075707 0.107051 
22.230000 1.076669 0.085334 
22.240000 1.077414 0.063643 
22.250000 1.077942 0.041983 
22.260000 1.078254 0.020357 
22.270000 1.078349 -0.001229 
22.280000 1.078229 -0.022772 
22.290000 1.077894 -0.044267 
22.300000 1.077344 -0.065710 
22.310000 1.076579 -0.087098 
22.320000 1.075602 -0.108425 
22.330000 1.074411 -0.129688 
22.340000 1.073008 -0.150883 
22.350000 1.071393 -0.172005 
22.360000 1.069568 -0.193051 
22.370000 1.067532 -0.214015 
22.380000 1.065288 -0.234896 
22.390000 1.062834 -0.255687 
22.400000 1.060174 -0.276386 
22.410000 1.057307 -0.296989 
22.420000 1.054234 -0.317491 
22.430000 1.050957 -0.337888 
22.440000 1.047476 -0.358177 
22.450000 1.043793 -0.378355 
22.460000 1.039909 -0.398416 
22.470000 1.035825 -0.418357 
22.480000 1.031542 -0.438175 
22.490000 1.027062 -0.457866 
22.500000 1.022385 -0.477426 
22.510000 1.017513 -0.496852 
22.520000 1.012448 -0.516139 
22.530000 1.007190 -0.535285 
22.540000 1.001742 -0.554286 
22.550000 0.996105 -0.573138 
22.560000 0.990279 -0.591838 
22.570000 0.984268 -0.610382 
22.580000 0.978072 -0.628767 
22.590000 0.971692 -0.646990 
22.600000 0.965132 -0.665047 
22.610000 0.958392 -0.682935 
22.620000 0.951473 -0.700650 
22.630000 0.944379 -0.718191 
22.640000 0.937109 -0.735553 
22.650000 0.929668 -0.752733 
22.660000 0.922055 -0.769729 
22.670000 0.914273 -0.786536 
22.680000 0.906324 -0.803153 
22.690000 0.898210 -0.819577 
22.700000 0.889932 -0.835804 
22.710000 0.881494 -0.851831 
22.720000 0.872896 -0.867656 
22.730000 0.864141 -0.883276 
22.740000 0.855230 -0.898688 
22.750000 0.846167 -0.913891 
22.760000 0.836953 -0.928880 
22.770000 0.827589 -0.943653 
22.780000 0.818080 -0.958209 
22.790000 0.808425 -0.972544 
22.800000 0.798629 -0.986655 
22.810000 0.788692 -1.000542 
22.820000 0.778618 -1.014201 
22.830000 0.768408 -1.027630 
22.840000 0.758065 -1.040827 
22.850000 0.747592 -1.053789 
22.860000 0.736989 -1.066515 
22.870000 0.726261 -1.079003 
22.880000 0.715409 -1.091250 
22.890000 0.704436 -1.103254 
22.900000 0.693344 -1.115014 
22.910000 0.682136 -1.126528 
22.920000 0.670814 -1.137794 
22.930000 0.659380 -1.148809 
22.940000 0.647838 -1.159574 
22.950000 0.636189 -1.170085 
22.960000 0.624436 -1.180341 
22.970000 0.612582 -1.190341 
22.980000 0.600629 -1.200083 
22.990000 0.588580 -1.209565 
23.000000 0.576438 -1.218788 
23.010000 0.564204 -1.227748 
23.020000 0.551883 -1.236445 
23.030000 0.539476 -1.244877 
23.040000 0.526985 -1.253044 
23.050000 0.514415 -1.260945 
23.060000 0.501766 -1.268577 
23.070000 0.489043 -1.275941 
23.080000 0.476248 -1.283035 
23.090000 0.463382 -1.289859 
23.100000 0.450450 -1.296411 
23.110000 0.437454 -1.302691 
23.120000 0.424397 -1.308698 
23.130000 0.411280 -1.314432 
23.140000 0.398108 -1.319892 
23.150000 0.384882 -1.325077 
23.160000 0.371606 -1.329987 
23.170000 0.358283 -1.334621 
23.180000 0.344914 -1.338980 
23.190000 0.331503 -1.343062 
23.200000 0.318053 -1.346868 
23.210000 0.304566 -1.350397 
23.220000 0.291045 -1.353649 
23.230000 0.277493 -1.356624 
23.240000 0.263912 -1.359322 
23.250000 0.250306 -1.361743 
23.260000 0.236677 -1.363887 
23.270000 0.223029 -1.365755 
23.280000 0.209362 -1.367345 
23.290000 0.195682 -1.368660 
23.300000 0.181989 -1.369698 
23.310000 0.168288 -1.370461 
23.320000 0.154580 -1.370948 
23.330000 0.140869 -1.371160 
23.340000 0.127157 -1.371098 
23.350000 0.113447 -1.370762 
23.360000 0.099742 -1.370153 
23.370000 0.086044 -1.369271 
23.380000 0.072356 -1.368117 
23.390000 0.058681 -1.366693 
23.400000 0.045022 -1.364998 
23.410000 0.031381 -1.363034 
23.420000 0.017762 -1.360801 
23.430000 0.004165 -1.358301 
23.440000 -0.009404 -1.355534 
23.450000 -0.022945 -1.352503 
23.460000 -0.036455 -1.349207 
23.470000 -0.049929 -1.345648 
23.480000 -0.063367 -1.341827 
23.490000 -0.076766 -1.337746 
23.500000 -0.090122 -1.333405 
23.510000 -0.103434 -1.328807 
23.520000 -0.116699 -1.323953 
23.530000 -0.129913 -1.318843 
23.540000 -0.143075 -1.313481 
23.550000 -0.156183 -1.307866 
23.560000 -0.169233 -1.302002 
23.570000 -0.182223 -1.295889 
23.580000 -0.195151 -1.289530 
23.590000 -0.208013 -1.282925 
23.600000 -0.220809 -1.276077 
23.610000 -0.233535 -1.268988 
23.620000 -0.246189 -1.261660 
23.630000 -0.258768 -1.254094 
23.640000 -0.271271 -1.246293 
23.650000 -0.283694 -1.238258 
23.660000 -0.296036 -1.229992 
23.670000 -0.308294 -1.221497 
23.680000 -0.320466 -1.212774 
23.690000 -0.332549 -1.203827 
23.700000 -0.344542 -1.194657 
23.710000 -0.356443 -1.185267 
23.720000 -0.368248 -1.175658 
23.730000 -0.379956 -1.165834 
23.740000 -0.391564 -1.155797 
23.750000 -0.403072 -1.145548 
23.760000 -0.414475 -1.135092 
23.770000 -0.425773 -1.124429 
23.780000 -0.436964 -1.113563 
23.790000 -0.448045 -1.102496 
23.800000 -0.459014 -1.091231 
23.810000 -0.469869 -1.079771 
23.820000 -0.480609 -1.068117 
23.830000 -0.491232 -1.056274 
23.840000 -0.501735 -1.044243 
23.850000 -0.512117 -1.032028 
23.860000 -0.522375 -1.019630 
23.870000 -0.532509 -1.007054 
23.880000 -0.542516 -0.994302 
23.890000 -0.552395 -0.981376 
23.900000 -0.562144 -0.968280 
23.910000 -0.571761 -0.955017 
23.920000 -0.581244 -0.941590 
23.930000 -0.590593 -0.928001 
23.940000 -0.599804 -0.914254 
23.950000 -0.608878 -0.900352 
23.960000 -0.617811 -0.886298 
23.970000 -0.626604 -0.872094 
23.980000 -0.635253 -0.857745 
23.990000 -0.643759 -0.843253 
24.000000 -0.652118 -0.828622 
24.010000 -0.660331 -0.813854 
24.020000 -0.668395 -0.798953 
24.030000 -0.676310 -0.783922 
24.040000 -0.684074 -0.768765 
24.050000 -0.691685 -0.753484 
24.060000 -0.699144 -0.738084 
24.070000 -0.706447 -0.722566 
24.080000 -0.713595 -0.706936 
24.090000 -0.720586 -0.691195 
24.100000 -0.727419 -0.675347 
24.110000 -0.734093 -0.659397 
24.120000 -0.740607 -0.643346 
24.130000 -0.746960 -0.627199 
24.140000 -0.753151 -0.610959 
24.150000 -0.759179 -0.594629 
24.160000 -0.765043 -0.578213 
24.170000 -0.770743 -0.561715 
24.180000 -0.776278 -0.545137 
24.190000 -0.781646 -0.528483 
24.200000 -0.786847 -0.511757 
24.210000 -0.791881 -0.494962 
24.220000 -0.796747 -0.478102 
24.230000 -0.801443 -0.461180 
24.240000 -0.805970 -0.444199 
24.250000 -0.810327 -0.427164 
24.260000 -0.814513 -0.410078 
24.270000 -0.818529 -0.392943 
24.280000 -0.822372 -0.375765 
24.290000 -0.826044 -0.358545 
24.300000 -0.829543 -0.341289 
24.310000 -0.832870 -0.323998 
24.320000 -0.836023 -0.306678 
24.330000 -0.839003 -0.289331 
24.340000 -0.841810 -0.271961 
24.350000 -0.844443 -0.254571 
24.360000 -0.846901 -0.237165 
24.370000 -0.849186 -0.219746 
24.380000 -0.851296 -0.202318 
24.390000 -0.853232 -0.184885 
24.400000 -0.854994 -0.167449 
24.410000 -0.856581 -0.150015 
24.420000 -0.857994 -0.132586 
24.430000 -0.859233 -0.115165 
24.440000 -0.860298 -0.097756 
24.450000 -0.861188 -0.080362 
24.460000 -0.861905 -0.062987 
24.470000 -0.862448 -0.045634 
24.480000 -0.862817 -0.028307 
24.490000 -0.863014 -0.011008 
24.500000 -0.863038 0.006258 
24.510000 -0.862889 0.023488 
24.520000 -0.862568 0.040680 
24.530000 -0.862075 0.057828 
24.540000 -0.861411 0.074931 
24.550000 -0.860577 0.091985 
24.560000 -0.859572 0.108986 
24.570000 -0.858397 0.125932 
24.580000 -0.857053 0.142819 
24.590000 -0.855541 0.159643 
24.600000 -0.853860 0.176402 
24.610000 -0.852013 0.193092 
24.620000 -0.849998 0.209710 
24.630000 -0.847818 0.226253 
24.640000 -0.845473 0.242718 
24.650000 -0.842964 0.259101 
24.660000 -0.840291 0.275400 
24.670000 -0.837456 0.291611 
24.680000 -0.834459 0.307732 
24.690000 -0.831301 0.323758 
24.700000 -0.827984 0.339689 
24.710000 -0.824508 0.355519 
24.720000 -0.820874 0.371247 
24.730000 -0.817083 0.386869 
24.740000 -0.813136 0.402383 
24.750000 -0.809035 0.417785 
24.760000 -0.804780 0.433073 
24.770000 -0.800374 0.448244 
24.780000 -0.795816 0.463295 
24.790000 -0.791108 0.478223 
24.800000 -0.786251 0.493026 
24.810000 -0.781247 0.507701 
24.820000 -0.776097 0.522245 
24.830000 -0.770802 0.536656 
24.840000 -0.765364 0.550931 
24.850000 -0.759784 0.565067 
24.860000 -0.754063 0.579062 
24.870000 -0.748202 0.592913 
24.880000 -0.742204 0.606618 
24.890000 -0.736070 0.620175 
24.900000 -0.729801 0.633580 
24.910000 -0.723398 0.646833 
24.920000 -0.716864 0.659929 
24.930000 -0.710200 0.672868 
24.940000 -0.703407 0.685646 
24.950000 -0.696487 0.698261 
24.960000 -0.689442 0.710712 
24.970000 -0.682273 0.722996 
24.980000 -0.674982 0.735111 
24.990000 -0.667571 0.747055 
25.000000 -0.660041 0.758826 
25.010000 -0.652394 0.770421 
25.020000 -0.644632 0.781840 
25.030000 -0.636757 0.793079 
25.040000 -0.628771 0.804138 
25.050000 -0.620674 0.815013 
25.060000 -0.612470 0.825705 
25.070000 -0.604160 0.836209 
25.080000 -0.595746 0.846526 
25.090000 -0.587230 0.856653 
25.100000 -0.578613 0.866589 
25.110000 -0.569898 0.876331 
25.120000 -0.561087 0.885879 
25.130000 -0.552181 0.895231 
25.140000 -0.543182 0.904386 
25.150000 -0.534093 0.913341 
25.160000 -0.524915 0.922096 
25.170000 -0.515651 0.930649 
25.180000 -0.506302 0.939000 
25.190000 -0.496871 0.947145 
25.200000 -0.487359 0.955086 
25.210000 -0.477769 0.962819 
25.220000 -0.468103 0.970345 
25.230000 -0.458362 0.977662 
25.240000 -0.448550 0.984769 
25.250000 -0.438667 0.991665 
25.260000 -0.428716 0.998349 
25.270000 -0.418700 1.004820 
25.280000 -0.408620 1.011078 
25.290000 -0.398478 1.017121 
25.300000 -0.388277 1.022949 
25.310000 -0.378019 1.028560 
25.320000 -0.367706 1.033955 
25.330000 -0.357340 1.039133 
25.340000 -0.346924 1.044092 
25.350000 -0.336458 1.048833 
25.360000 -0.325947 1.053355 
25.370000 -0.315391 1.057658 
25.380000 -0.304794 1.061740 
25.390000 -0.294157 1.065603 
25.400000 -0.283482 1.069244 
25.410000 -0.272772 1.072665 
25.420000 -0.262028 1.075864 
25.430000 -0.251254 1.078843 
25.440000 -0.240452 1.081599 
25.450000 -0.229622 1.084134 
25.460000 -0.218769 1.086448 
25.470000 -0.207893 1.088539 
25.480000 -0.196998 1.090409 
25.490000 -0.186085 1.092057 
25.500000 -0.175157 1.093484 
25.510000 -0.164216 1.094690 
25.520000 -0.153263 1.095674 
25.530000 -0.142302 1.096438 
25.540000 -0.131334 1.096981 
25.550000 -0.120362 1.097303 
25.560000 -0.109388 1.097406 
25.570000 -0.098414 1.097289 
25.580000 -0.087443 1.096953 
25.590000 -0.076475 1.096399 
25.600000 -0.065515 1.095627 
25.610000 -0.054563 1.094637 
25.620000 -0.043622 1.093431 
25.630000 -0.032694 1.092008 
25.640000 -0.021782 1.090370 
25.650000 -0.010887 1.088518 
25.660000 -0.000011 1.086452 
25.670000 0.010842 1.084173 
25.680000 0.021672 1.081681 
25.690000 0.032476 1.078979 
25.700000 0.043252 1.076067 
25.710000 0.053997 1.072945 
25.720000 0.064711 1.069615 
25.730000 0.075390 1.066078 
25.740000 0.086032 1.062335 
25.750000 0.096636 1.058387 
25.760000 0.107200 1.054236 
25.770000 0.117721 1.049882 
25.780000 0.128198 1.045328 
25.790000 0.138628 1.040573 
25.800000 0.149009 1.035620 
25.810000 0.159340 1.030470 
25.820000 0.169618 1.025125 
25.830000 0.179842 1.019585 
25.840000 0.190010 1.013853 
25.850000 0.200120 1.007929 
25.860000 0.210169 1.001816 
25.870000 0.220156 0.995515 
25.880000 0.230079 0.989028 
25.890000 0.239936 0.982356 
25.900000 0.249726 0.975501 
25.910000 0.259446 0.968465 
25.920000 0.269095 0.961249 
25.930000 0.278671 0.953856 
25.940000 0.288173 0.946287 
25.950000 0.297597 0.938544 
25.960000 0.306943 0.930629 
25.970000 0.316210 0.922544 
25.980000 0.325394 0.914290 
25.990000 0.334496 0.905871 
26.000000 0.343512 0.897287 
26.010000 0.352441 0.888541 
26.020000 0.361283 0.879635 
26.030000 0.370034 0.870571 
26.040000 0.378694 0.861352 
26.050000 0.387261 0.851978 
26.060000 0.395734 0.842453 
26.070000 0.404110 0.832779 
26.080000 0.412389 0.822958 
26.090000 0.420569 0.812992 
26.100000 0.428649 0.802883 
26.110000 0.436627 0.792634 
26.120000 0.444502 0.782248 
26.130000 0.452272 0.771725 
26.140000 0.459936 0.761070 
26.150000 0.467493 0.750284 
26.160000 0.474942 0.739369 
26.170000 0.482281 0.728328 
26.180000 0.489508 0.717164 
26.190000 0.496624 0.705879 
26.200000 0.503626 0.694476 
26.210000 0.510514 0.682956 
26.220000 0.517285 0.671324 
26.230000 0.523940 0.659580 
26.240000 0.530477 0.647728 
26.250000 0.536895 0.635770 
26.260000 0.543192 0.623709 
26.270000 0.549369 0.611547 
26.280000 0.555423 0.599288 
26.290000 0.561355 0.586933 
26.300000 0.567162 0.574486 
26.310000 0.572844 0.561949 
26.320000 0.578401 0.549324 
26.330000 0.583831 0.536615 
26.340000 0.589133 0.523825 
26.350000 0.594307 0.510955 
26.360000 0.599352 0.498009 
26.370000 0.604267 0.484989 
26.380000 0.609052 0.471898 
26.390000 0.613705 0.458739 
26.400000 0.618227 0.445515 
26.410000 0.622616 0.432228 
26.420000 0.626871 0.418881 
26.430000 0.630993 0.405478 
26.440000 0.634981 0.392020 
26.450000 0.638834 0.378510 
26.460000 0.642551 0.364952 
26.470000 0.646133 0.351348 
26.480000 0.649578 0.337701 
26.490000 0.652887 0.324014 
26.500000 0.656058 0.310290 
26.510000 0.659093 0.296531 
26.520000 0.661989 0.282740 
26.530000 0.664747 0.268920 
26.540000 0.667367 0.255075 
26.550000 0.669849 0.241205 
26.560000 0.672192 0.227316 
26.570000 0.674395 0.213408 
26.580000 0.676460 0.199486 
26.590000 0.678385 0.185552 
26.600000 0.680171 0.171609 
26.610000 0.681817 0.157659 
26.620000 0.683324 0.143705 
26.630000 0.684691 0.129751 
26.640000 0.685919 0.115799 
26.650000 0.687007 0.101851 
26.660000 0.687956 0.087911 
26.670000 0.688765 0.073981 
26.680000 0.689436 0.060064 
26.690000 0.689967 0.046164 
26.700000 0.690359 0.032281 
26.710000 0.690612 0.018420 
26.720000 0.690727 0.004583 
26.730000 0.690704 -0.009227 
26.740000 0.690543 -0.023008 
26.750000 0.690244 -0.036757 
26.760000 0.689808 -0.050471 
26.770000 0.689234 -0.064147 
26.780000 0.688525 -0.077784 
26.790000 0.687679 -0.091377 
26.800000 0.686697 -0.104925 
26.810000 0.685580 -0.118426 
26.820000 0.684329 -0.131875 
26.830000 0.682943 -0.145271 
26.840000 0.681423 -0.158612 
26.850000 0.679771 -0.171894 
26.860000 0.677985 -0.185115 
26.870000 0.676068 -0.198273 
26.880000 0.674020 -0.211364 
26.890000 0.671841 -0.224388 
26.900000 0.669532 -0.237341 
26.910000 0.667094 -0.250220 
26.920000 0.664528 -0.263023 
26.930000 0.661834 -0.275749 
26.940000 0.659013 -0.288394 
26.950000 0.656066 -0.300956 
26.960000 0.652994 -0.313433 
26.970000 0.649797 -0.325822 
26.980000 0.646477 -0.338121 
26.990000 0.643035 -0.350328 
27.000000 0.639471 -0.362441 
27.010000 0.635786 -0.374458 
27.020000 0.631982 -0.386375 
27.030000 0.628059 -0.398191 
27.040000 0.624018 -0.409905 
27.050000 0.619860 -0.421512 
27.060000 0.615588 -0.433013 
27.070000 0.611200 -0.444404 
27.080000 0.606699 -0.455683 
27.090000 0.602087 -0.466849 
27.100000 0.597362 -0.477899 
27.110000 0.592529 -0.488832 
27.120000 0.587586 -0.499645 
27.130000 0.582536 -0.510337 
27.140000 0.577379 -0.520905 
27.150000 0.572118 -0.531348 
27.160000 0.566752 -0.541665 
27.170000 0.561284 -0.551852 
27.180000 0.555715 -0.561909 
27.190000 0.550046 -0.571833 
27.200000 0.544278 -0.581623 
27.210000 0.538414 -0.591278 
27.220000 0.532453 -0.600795 
27.230000 0.526398 -0.610172 
27.240000 0.520249 -0.619410 
27.250000 0.514010 -0.628505 
27.260000 0.507679 -0.637456 
27.270000 0.501260 -0.646262 
27.280000 0.494754 -0.654921 
27.290000 0.488162 -0.663433 
27.300000 0.481485 -0.671794 
27.310000 0.474726 -0.680005 
27.320000 0.467885 -0.688063 
27.330000 0.460965 -0.695968 
27.340000 0.453966 -0.703718 
27.350000 0.446890 -0.711312 
27.360000 0.439740 -0.718748 
27.370000 0.432516 -0.726026 
27.380000 0.425219 -0.733145 
27.390000 0.417853 -0.740103 
27.400000 0.410417 -0.746899 
27.410000 0.402915 -0.753532 
27.420000 0.395347 -0.760001 
27.430000 0.387715 -0.766306 
27.440000 0.380020 -0.772444 
27.450000 0.372266 -0.778417 
27.460000 0.364452 -0.784221 
27.470000 0.356581 -0.789858 
27.480000 0.348655 -0.795325 
27.490000 0.340675 -0.800623 
27.500000 0.332643 -0.805750 
27.510000 0.324560 -0.810706 
27.520000 0.316428 -0.815489 
27.530000 0.308250 -0.820101 
27.540000 0.300026 -0.824539 
27.550000 0.291759 -0.828804 
27.560000 0.283450 -0.832894 
27.570000 0.275101 -0.836810 
27.580000 0.266714 -0.840551 
27.590000 0.258290 -0.844116 
27.600000 0.249832 -0.847506 
27.610000 0.241340 -0.850720 
27.620000 0.232817 -0.853757 
27.630000 0.224265 -0.856617 
27.640000 0.215685 -0.859301 
27.650000 0.207079 -0.861808 
27.660000 0.198449 -0.864137 
27.670000 0.189796 -0.866289 
27.680000 0.181123 -0.868264 
27.690000 0.172431 -0.870061 
27.700000 0.163722 -0.871681 
27.710000 0.154997 -0.873123 
27.720000 0.146259 -0.874388 
27.730000 0.137510 -0.875476 
27.740000 0.128750 -0.876387 
27.750000 0.119982 -0.877120 
27.760000 0.111208 -0.877677 
27.770000 0.102428 -0.878058 
27.780000 0.093646 -0.878262 
27.790000 0.084863 -0.878291 
27.800000 0.076081 -0.878144 
27.810000 0.067300 -0.877821 
27.820000 0.058524 -0.877324 
27.830000 0.049754 -0.876653 
27.840000 0.040991 -0.875808 
27.850000 0.032238 -0.874789 
27.860000 0.023495 -0.873598 
27.870000 0.014766 -0.872235 
27.880000 0.006051 -0.870700 
27.890000 -0.002648 -0.868994 
27.900000 -0.011329 -0.867118 
27.910000 -0.019991 -0.865073 
27.920000 -0.028631 -0.862858 
27.930000 -0.037248 -0.860476 
27.940000 -0.045840 -0.857926 
27.950000 -0.054406 -0.855211 
27.960000 -0.062944 -0.852329 
27.970000 -0.071453 -0.849283 
27.980000 -0.079930 -0.846074 
27.990000 -0.088374 -0.842702 
28.000000 -0.096784 -0.839168 
28.010000 -0.105158 -0.835474 
28.020000 -0.113494 -0.831620 
28.030000 -0.121790 -0.827608 
28.040000 -0.130046 -0.823438 
28.050000 -0.138259 -0.819112 
28.060000 -0.146428 -0.814631 
28.070000 -0.154552 -0.809996 
28.080000 -0.162628 -0.805209 
28.090000 -0.170656 -0.800271 
28.100000 -0.178633 -0.795182 
28.110000 -0.186559 -0.789944 
28.120000 -0.194432 -0.784560 
28.130000 -0.202251 -0.779029 
28.140000 -0.210013 -0.773354 
28.150000 -0.217718 -0.767535 
28.160000 -0.225364 -0.761575 
28.170000 -0.232949 -0.755474 
28.180000 -0.240473 -0.749235 
28.190000 -0.247934 -0.742858 
28.200000 -0.255330 -0.736346 
28.210000 -0.262661 -0.729700 
28.220000 -0.269924 -0.722921 
28.230000 -0.277119 -0.716011 
28.240000 -0.284244 -0.708972 
28.250000 -0.291299 -0.701805 
28.260000 -0.298281 -0.694513 
28.270000 -0.305189 -0.687096 
28.280000 -0.312023 -0.679557 
28.290000 -0.318780 -0.671897 
28.300000 -0.325460 -0.664118 
28.310000 -0.332062 -0.656222 
28.320000 -0.338585 -0.648211 
28.330000 -0.345027 -0.640086 
28.340000 -0.351387 -0.631849 
28.350000 -0.357664 -0.623503 
28.360000 -0.363857 -0.615049 
28.370000 -0.369965 -0.606489 
28.380000 -0.375986 -0.597824 
28.390000 -0.381921 -0.589058 
28.400000 -0.387768 -0.580191 
28.410000 -0.393525 -0.571226 
28.420000 -0.399192 -0.562165 
28.430000 -0.404768 -0.553010 
28.440000 -0.410252 -0.543763 
28.450000 -0.415644 -0.534425 
28.460000 -0.420941 -0.524999 
28.470000 -0.426144 -0.515487 
28.480000 -0.431251 -0.505891 
28.490000 -0.436261 -0.496214 
28.500000 -0.441175 -0.486456 
28.510000 -0.445991 -0.476621 
28.520000 -0.450707 -0.466710 
28.530000 -0.455325 -0.456726 
28.540000 -0.459842 -0.446670 
28.550000 -0.464258 -0.436545 
28.560000 -0.468573 -0.426354 
28.570000 -0.472785 -0.416097 
28.580000 -0.476895 -0.405778 
28.590000 -0.480901 -0.395398 
28.600000 -0.484803 -0.384960 
28.610000 -0.488600 -0.374466 
28.620000 -0.492292 -0.363918 
28.630000 -0.495878 -0.353319 
28.640000 -0.499358 -0.342670 
28.650000 -0.502732 -0.331974 
28.660000 -0.505998 -0.321233 
28.670000 -0.509156 -0.310449 
28.680000 -0.512207 -0.299625 
28.690000 -0.515149 -0.288762 
28.700000 -0.517982 -0.277864 
28.710000 -0.520706 -0.266931 
28.720000 -0.523321 -0.255968 
28.730000 -0.525826 -0.244975 
28.740000 -0.528220 -0.233955 
28.750000 -0.530505 -0.222910 
28.760000 -0.532678 -0.211843 
28.770000 -0.534742 -0.200756 
28.780000 -0.536694 -0.189650 
28.790000 -0.538535 -0.178529 
28.800000 -0.540264 -0.167395 
28.810000 -0.541882 -0.156249 
28.820000 -0.543389 -0.145095 
28.830000 -0.544784 -0.133933 
28.840000 -0.546068 -0.122767 
28.850000 -0.547240 -0.111599 
28.860000 -0.548300 -0.100431 
28.870000 -0.549248 -0.089266 
28.880000 -0.550085 -0.078104 
28.890000 -0.550810 -0.066950 
28.900000 -0.551424 -0.055804 
28.910000 -0.551927 -0.044670 
28.920000 -0.552318 -0.033548 
28.930000 -0.552597 -0.022443 
28.940000 -0.552766 -0.011355 
28.950000 -0.552825 -0.000287 
28.960000 -0.552772 0.010759 
28.970000 -0.552609 0.021781 
28.980000 -0.552337 0.032777 
28.990000 -0.551954 0.043744 
29.000000 -0.551462 0.054680 
29.010000 -0.550860 0.065583 
29.020000 -0.550150 0.076452 
29.030000 -0.549331 0.087283 
29.040000 -0.548404 0.098076 
29.050000 -0.547370 0.108827 
29.060000 -0.546228 0.119535 
29.070000 -0.544979 0.130198 
29.080000 -0.543624 0.140814 
29.090000 -0.542163 0.151380 
29.100000 -0.540596 0.161895 
29.110000 -0.538925 0.172356 
29.120000 -0.537149 0.182762 
29.130000 -0.535270 0.193111 
29.140000 -0.533287 0.203401 
29.150000 -0.531202 0.213629 
29.160000 -0.529014 0.223794 
29.170000 -0.526726 0.233894 
29.180000 -0.524336 0.243928 
29.190000 -0.521847 0.253892 
29.200000 -0.519259 0.263786 
29.210000 -0.516571 0.273607 
29.220000 -0.513786 0.283354 
29.230000 -0.510904 0.293025 
29.240000 -0.507926 0.302619 
29.250000 -0.504852 0.312132 
29.260000 -0.501683 0.321564 
29.270000 -0.498421 0.330913 
29.280000 -0.495065 0.340177 
29.290000 -0.491617 0.349355 
29.300000 -0.488078 0.358445 
29.310000 -0.484448 0.367444 
29.320000 -0.480729 0.376353 
29.330000 -0.476921 0.385168 
29.340000 -0.473026 0.393889 
29.350000 -0.469043 0.402514 
29.360000 -0.464975 0.411041 
29.370000 -0.460823 0.419468 
29.380000 -0.456586 0.427796 
29.390000 -0.452267 0.436021 
29.400000 -0.447866 0.444142 
29.410000 -0.443384 0.452159 
29.420000 -0.438823 0.460069 
29.430000 -0.434183 0.467871 
29.440000 -0.429465 0.475565 
29.450000 -0.424671 0.483148 
29.460000 -0.419802 0.490619 
29.470000 -0.414859 0.497977 
29.480000 -0.409843 0.505222 
29.490000 -0.404754 0.512350 
29.500000 -0.399596 0.519362 
29.510000 -0.394367 0.526257 
29.520000 -0.389070 0.533032 
29.530000 -0.383707 0.539687 
29.540000 -0.378277 0.546221 
29.550000 -0.372782 0.552633 
29.560000 -0.367224 0.558922 
29.570000 -0.361604 0.565087 
29.580000 -0.355922 0.571126 
29.590000 -0.350181 0.577039 
29.600000 -0.344382 0.582825 
29.610000 -0.338525 0.588483 
29.620000 -0.332612 0.594012 
29.630000 -0.326644 0.599412 
29.640000 -0.320624 0.604680 
29.650000 -0.314551 0.609818 
29.660000 -0.308427 0.614823 
29.670000 -0.302254 0.619696 
29.680000 -0.296033 0.624435 
29.690000 -0.289766 0.629039 
29.700000 -0.283453 0.633509 
29.710000 -0.277096 0.637843 
29.720000 -0.270696 0.642041 
29.730000 -0.264255 0.646103 
29.740000 -0.257774 0.650027 
29.750000 -0.251254 0.653814 
29.760000 -0.244697 0.657462 
29.770000 -0.238105 0.660972 
29.780000 -0.231478 0.664342 
29.790000 -0.224818 0.667574 
29.800000 -0.218127 0.670665 
29.810000 -0.211405 0.673616 
29.820000 -0.204654 0.676427 
29.830000 -0.197876 0.679096 
29.840000 -0.191072 0.681625 
29.850000 -0.184244 0.684013 
29.860000 -0.177392 0.686259 
29.870000 -0.170519 0.688364 
29.880000 -0.163625 0.690326 
29.890000 -0.156712 0.692147 
29.900000 -0.149782 0.693826 
29.910000 -0.142835 0.695363 
29.920000 -0.135875 0.696758 
29.930000 -0.128900 0.698011 
29.940000 -0.121914 0.699122 
29.950000 -0.114918 0.700091 
29.960000 -0.107912 0.700919 
29.970000 -0.100900 0.701604 
29.980000 -0.093880 0.702148 
29.990000 -0.086857 0.702551 
30.000000 -0.079829 0.702812 
