#time step 
#_initial values (t,x[0],x[1])
0.000000 2.000000 5.000000 
0.100000 2.489190 4.775803 
0.200000 2.953599 4.504784 
0.300000 3.388675 4.189638 
0.400000 3.790159 3.833497 
0.500000 4.154124 3.439894 
0.600000 4.477018 3.012730 
0.700000 4.755692 2.556234 
0.800000 4.987437 2.074924 
0.900000 5.170007 1.573557 
1.000000 5.301644 1.057088 
1.100000 5.381091 0.530615 
1.200000 5.407607 -0.000666 
1.300000 5.380972 -0.531518 
1.400000 5.301492 -1.056708 
1.500000 5.169992 -1.571065 
1.600000 4.987809 -2.069527 
1.700000 4.756780 -2.547194 
1.800000 4.479221 -2.999374 
1.900000 4.157903 -3.421630 
2.000000 3.796031 -3.809822 
2.100000 3.397202 -4.160152 
2.200000 2.965378 -4.469198 
2.300000 2.504840 -4.733946 
2.400000 2.020152 -4.951824 
2.500000 1.516109 -5.120725 
2.600000 0.997695 -5.239026 
2.700000 0.470029 -5.305606 
2.800000 -0.061680 -5.319854 
2.900000 -0.592192 -5.281679 
3.000000 -1.116281 -5.191505 
3.100000 -1.628790 -5.050273 
3.200000 -2.124681 -4.859423 
3.300000 -2.599084 -4.620888 
3.400000 -3.047347 -4.337068 
3.500000 -3.465082 -4.010809 
3.600000 -3.848202 -3.645374 
3.700000 -4.192971 -3.244410 
3.800000 -4.496032 -2.811912 
3.900000 -4.754445 -2.352182 
4.000000 -4.965713 -1.869789 
4.100000 -5.127806 -1.369519 
4.200000 -5.239185 -0.856332 
4.300000 -5.298811 -0.335311 
4.400000 -5.306158 0.188391 
4.500000 -5.261216 0.709595 
4.600000 -5.164494 1.223157 
4.700000 -5.017009 1.724011 
4.800000 -4.820280 2.207222 
4.900000 -4.576312 2.668036 
5.000000 -4.287571 3.101924 
5.100000 -3.956967 3.504629 
5.200000 -3.587817 3.872208 
5.300000 -3.183817 4.201068 
5.400000 -2.749002 4.488003 
5.500000 -2.287708 4.730229 
5.600000 -1.804526 4.925403 
5.700000 -1.304259 5.071653 
5.800000 -0.791874 5.167594 
5.900000 -0.272449 5.212338 
6.000000 0.248873 5.205509 
6.100000 0.766937 5.147238 
6.200000 1.276626 5.038168 
6.300000 1.772914 4.879444 
6.400000 2.250913 4.672701 
6.500000 2.705923 4.420049 
6.600000 3.133477 4.124049 
6.700000 3.529386 3.787689 
6.800000 3.889781 3.414353 
6.900000 4.211148 3.007790 
7.000000 4.490366 2.572069 
7.100000 4.724735 2.111548 
7.200000 4.912002 1.630823 
7.300000 5.050385 1.134685 
7.400000 5.138589 0.628071 
7.500000 5.175818 0.116017 
7.600000 5.161780 -0.396394 
7.700000 5.096696 -0.904081 
7.800000 4.981289 -1.402018 
7.900000 4.816782 -1.885280 
8.000000 4.604882 -2.349097 
8.100000 4.347764 -2.788896 
8.200000 4.048048 -3.200349 
8.300000 3.708775 -3.579415 
8.400000 3.333370 -3.922380 
8.500000 2.925615 -4.225894 
8.600000 2.489606 -4.487001 
8.700000 2.029713 -4.703175 
8.800000 1.550539 -4.872334 
8.900000 1.056869 -4.992869 
9.000000 0.553625 -5.063657 
9.100000 0.045818 -5.084070 
9.200000 -0.461504 -5.053981 
9.300000 -0.963306 -4.973766 
9.400000 -1.454614 -4.844298 
9.500000 -1.930568 -4.666939 
9.600000 -2.386466 -4.443526 
9.700000 -2.817813 -4.176350 
9.800000 -3.220367 -3.868137 
9.900000 -3.590176 -3.522013 
10.000000 -3.923621 -3.141481 
10.100000 -4.217452 -2.730379 
10.200000 -4.468815 -2.292845 
10.300000 -4.675286 -1.833273 
10.400000 -4.834888 -1.356272 
10.500000 -4.946118 -0.866617 
10.600000 -5.007953 -0.369200 
10.700000 -5.019865 0.131012 
10.800000 -4.981823 0.629036 
10.900000 -4.894296 1.119915 
11.000000 -4.758241 1.598771 
11.100000 -4.575101 2.060854 
11.200000 -4.346783 2.501586 
11.300000 -4.075641 2.916611 
11.400000 -3.764455 3.301834 
11.500000 -3.416395 3.653463 
11.600000 -3.034998 3.968048 
11.700000 -2.624124 4.242510 
11.800000 -2.187923 4.474180 
11.900000 -1.730790 4.660816 
12.000000 -1.257322 4.800629 
12.100000 -0.772271 4.892302 
12.200000 -0.280496 4.934997 
12.300000 0.213083 4.928370 
12.400000 0.703538 4.872567 
12.500000 1.185977 4.768226 
12.600000 1.655601 4.616469 
12.700000 2.107743 4.418889 
12.800000 2.537918 4.177535 
12.900000 2.941872 3.894891 
13.000000 3.315616 3.573849 
13.100000 3.655470 3.217680 
13.200000 3.958100 2.830002 
13.300000 4.220550 2.414742 
13.400000 4.440269 1.976099 
13.500000 4.615137 1.518498 
13.600000 4.743489 1.046546 
13.700000 4.824126 0.564988 
13.800000 4.856328 0.078659 
13.900000 4.839861 -0.407567 
14.000000 4.774980 -0.888823 
14.100000 4.662423 -1.360301 
14.200000 4.503403 -1.817295 
14.300000 4.299599 -2.255253 
14.400000 4.053133 -2.669820 
14.500000 3.766553 -3.056881 
14.600000 3.442802 -3.412603 
14.700000 3.085195 -3.733472 
14.800000 2.697376 -4.016331 
14.900000 2.283289 -4.258404 
15.000000 1.847134 -4.457331 
15.100000 1.393326 -4.611188 
15.200000 0.926450 -4.718503 
15.300000 0.451212 -4.778277 
15.400000 -0.027602 -4.789985 
15.500000 -0.505180 -4.753587 
15.600000 -0.976730 -4.669526 
15.700000 -1.437526 -4.538721 
15.800000 -1.882961 -4.362560 
15.900000 -2.308586 -4.142885 
16.000000 -2.710162 -3.881970 
16.100000 -3.083694 -3.582501 
16.200000 -3.425478 -3.247548 
16.300000 -3.732134 -2.880531 
16.400000 -4.000639 -2.485189 
16.500000 -4.228361 -2.065541 
16.600000 -4.413078 -1.625842 
16.700000 -4.553009 -1.170545 
16.800000 -4.646821 -0.704252 
16.900000 -4.693649 -0.231670 
17.000000 -4.693103 0.242438 
17.100000 -4.645270 0.713298 
17.200000 -4.550710 1.176177 
17.300000 -4.410456 1.626429 
17.400000 -4.225996 2.059540 
17.500000 -3.999264 2.471176 
17.600000 -3.732615 2.857222 
17.700000 -3.428802 3.213829 
17.800000 -3.090949 3.537448 
17.900000 -2.722520 3.824867 
18.000000 -2.327278 4.073242 
18.100000 -1.909255 4.280127 
18.200000 -1.472705 4.443496 
18.300000 -1.022061 4.561763 
18.400000 -0.561894 4.633801 
18.500000 -0.096865 4.658947 
18.600000 0.368325 4.637015 
18.700000 0.828977 4.568290 
18.800000 1.280447 4.453530 
18.900000 1.718188 4.293957 
19.000000 2.137799 4.091242 
19.100000 2.535067 3.847488 
19.200000 2.906011 3.565212 
19.300000 3.246921 3.247315 
19.400000 3.554395 2.897053 
19.500000 3.825372 2.518007 
19.600000 4.057165 2.114043 
19.700000 4.247486 1.689274 
19.800000 4.394469 1.248018 
19.900000 4.496689 0.794755 
20.000000 4.553173 0.334082 
20.100000 4.563414 -0.129336 
20.200000 4.527371 -0.590810 
20.300000 4.445472 -1.045676 
20.400000 4.318609 -1.489343 
20.500000 4.148126 -1.917335 
20.600000 3.935809 -2.325342 
20.700000 3.683862 -2.709259 
20.800000 3.394889 -3.065229 
20.900000 3.071867 -3.389681 
21.000000 2.718113 -3.679367 
21.100000 2.337250 -3.931392 
21.200000 1.933174 -4.143247 
21.300000 1.510011 -4.312828 
21.400000 1.072075 -4.438465 
21.500000 0.623825 -4.518930 
21.600000 0.169821 -4.553455 
21.700000 -0.285323 -4.541736 
21.800000 -0.736989 -4.483940 
21.900000 -1.180595 -4.380697 
22.000000 -1.611648 -4.233098 
22.100000 -2.025786 -4.042680 
22.200000 -2.418822 -3.811415 
22.300000 -2.786786 -3.541685 
22.400000 -3.125968 -3.236258 
22.500000 -3.432951 -2.898265 
22.600000 -3.704649 -2.531161 
22.700000 -3.938337 -2.138695 
22.800000 -4.131676 -1.724868 
22.900000 -4.282739 -1.293896 
23.000000 -4.390029 -0.850166 
23.100000 -4.452497 -0.398189 
23.200000 -4.469545 0.057442 
23.300000 -4.441041 0.512101 
23.400000 -4.367311 0.961173 
23.500000 -4.249144 1.400105 
23.600000 -4.087777 1.824449 
23.700000 -3.884884 2.229906 
23.800000 -3.642563 2.612374 
23.900000 -3.363306 2.967984 
24.000000 -3.049982 3.293142 
24.100000 -2.705803 3.584565 
24.200000 -2.334292 3.839315 
24.300000 -1.939249 4.054825 
24.400000 -1.524708 4.228928 
24.500000 -1.094903 4.359879 
24.600000 -0.654216 4.446371 
24.700000 -0.207140 4.487547 
24.800000 0.241769 4.483012 
24.900000 0.687939 4.432834 
25.000000 1.126830 4.337544 
25.100000 1.553976 4.198130 
25.200000 1.965032 4.016027 
25.300000 2.355820 3.793103 
25.400000 2.722367 3.531641 
25.500000 3.060951 3.234312 
25.600000 3.368134 2.904150 
25.700000 3.640798 2.544523 
25.800000 3.876178 2.159095 
25.900000 4.071887 1.751794 
26.000000 4.225945 1.326765 
26.100000 4.336793 0.888335 
26.200000 4.403314 0.440964 
26.300000 4.424840 -0.010797 
26.400000 4.401161 -0.462353 
26.500000 4.332529 -0.909112 
26.600000 4.219650 -1.346532 
26.700000 4.063682 -1.770167 
26.800000 3.866220 -2.175709 
26.900000 3.629282 -2.559037 
27.000000 3.355284 -2.916253 
27.100000 3.047023 -3.243726 
27.200000 2.707642 -3.538127 
27.300000 2.340601 -3.796463 
27.400000 1.949640 -4.016105 
27.500000 1.538745 -4.194820 
27.600000 1.112103 -4.330788 
27.700000 0.674060 -4.422624 
27.800000 0.229081 -4.469390 
27.900000 -0.218299 -4.470607 
28.000000 -0.663520 -4.426257 
28.100000 -1.102044 -4.336784 
28.200000 -1.529401 -4.203092 
28.300000 -1.941233 -4.026533 
28.400000 -2.333338 -3.808895 
28.500000 -2.701715 -3.552381 
28.600000 -3.042604 -3.259592 
28.700000 -3.352522 -2.933496 
28.800000 -3.628302 -2.577401 
28.900000 -3.867122 -2.194920 
29.000000 -4.066535 -1.789933 
29.100000 -4.224495 -1.366551 
29.200000 -4.339375 -0.929074 
29.300000 -4.409987 -0.481945 
29.400000 -4.435593 -0.029706 
29.500000 -4.415911 0.423047 
29.600000 -4.351120 0.871710 
29.700000 -4.241858 1.311720 
29.800000 -4.089214 1.738600 
29.900000 -3.894721 2.148004 
30.000000 -3.660336 2.535762 
30.100000 -3.388423 2.897921 
30.200000 -3.081729 3.230786 
30.300000 -2.743356 3.530958 
30.400000 -2.376730 3.795368 
30.500000 -1.985566 4.021308 
30.600000 -1.573829 4.206457 
30.700000 -1.145699 4.348910 
30.800000 -0.705521 4.447192 
30.900000 -0.257768 4.500275 
31.000000 0.193007 4.507589 
31.100000 0.642219 4.469029 
31.200000 1.085295 4.384953 
31.300000 1.517719 4.256182 
31.400000 1.935082 4.083991 
31.500000 2.333126 3.870096 
31.600000 2.707782 3.616637 
31.700000 3.055218 3.326154 
31.800000 3.371875 3.001569 
31.900000 3.654503 2.646147 
32.000000 3.900195 2.263472 
32.100000 4.106417 1.857403 
32.200000 4.271032 1.432042 
32.300000 4.392325 0.991688 
32.400000 4.469018 0.540797 
32.500000 4.500285 0.083934 
32.600000 4.485760 -0.374271 
32.700000 4.425541 -0.829172 
32.800000 4.320190 -1.276150 
32.900000 4.170727 -1.710665 
33.000000 3.978620 -2.128296 
33.100000 3.745772 -2.524793 
33.200000 3.474501 -2.896112 
33.300000 3.167517 -3.238462 
33.400000 2.827892 -3.548343 
33.500000 2.459037 -3.822579 
33.600000 2.064659 -4.058351 
33.700000 1.648731 -4.253228 
33.800000 1.215446 -4.405189 
33.900000 0.769178 -4.512647 
34.000000 0.314439 -4.574461 
34.100000 -0.144169 -4.589953 
34.200000 -0.601999 -4.558912 
34.300000 -1.054408 -4.481596 
34.400000 -1.496799 -4.358734 
34.500000 -1.924675 -4.191515 
34.600000 -2.333677 -3.981576 
34.700000 -2.719634 -3.730989 
34.800000 -3.078601 -3.442241 
34.900000 -3.406905 -3.118205 
35.000000 -3.701173 -2.762114 
35.100000 -3.958377 -2.377530 
35.200000 -4.175857 -1.968305 
35.300000 -4.351353 -1.538546 
35.400000 -4.483025 -1.092571 
35.500000 -4.569476 -0.634869 
35.600000 -4.609761 -0.170049 
35.700000 -4.603404 0.297199 
35.800000 -4.550398 0.762156 
35.900000 -4.451206 1.220122 
36.000000 -4.306761 1.666459 
36.100000 -4.118453 2.096643 
36.200000 -3.888117 2.506307 
36.300000 -3.618015 2.891284 
36.400000 -3.310815 3.247652 
36.500000 -2.969561 3.571773 
36.600000 -2.597647 3.860328 
36.700000 -2.198780 4.110354 
36.800000 -1.776947 4.319272 
36.900000 -1.336370 4.484914 
37.000000 -0.881466 4.605545 
37.100000 -0.416805 4.679882 
37.200000 0.052939 4.707107 
37.300000 0.523033 4.686875 
37.400000 0.988735 4.619318 
37.500000 1.445338 4.505046 
37.600000 1.888222 4.345140 
37.700000 2.312895 4.141142 
37.800000 2.715045 3.895039 
37.900000 3.090579 3.609247 
38.000000 3.435664 3.286582 
38.100000 3.746772 2.930237 
38.200000 4.020706 2.543747 
38.300000 4.254644 2.130957 
38.400000 4.446157 1.695980 
38.500000 4.593244 1.243158 
38.600000 4.694345 0.777021 
38.700000 4.748360 0.302236 
38.800000 4.754662 -0.176435 
38.900000 4.713103 -0.654182 
39.000000 4.624017 -1.126202 
39.100000 4.488213 -1.587739 
39.200000 4.306974 -2.034136 
39.300000 4.082041 -2.460883 
39.400000 3.815597 -2.863659 
39.500000 3.510245 -3.238380 
39.600000 3.168984 -3.581235 
39.700000 2.795178 -3.888730 
39.800000 2.392522 -4.157718 
39.900000 1.965011 -4.385436 
40.000000 1.516891 -4.569531 
40.100000 1.052624 -4.708084 
40.200000 0.576842 -4.799630 
40.300000 0.094299 -4.843173 
40.400000 -0.390174 -4.838198 
40.500000 -0.871721 -4.784676 
40.600000 -1.345505 -4.683062 
40.700000 -1.806760 -4.534297 
40.800000 -2.250838 -4.339794 
40.900000 -2.673256 -4.101429 
41.000000 -3.069738 -3.821518 
41.100000 -3.436265 -3.502796 
41.200000 -3.769107 -3.148394 
41.300000 -4.064869 -2.761802 
41.400000 -4.320521 -2.346840 
41.500000 -4.533428 -1.907615 
41.600000 -4.701380 -1.448486 
41.700000 -4.822613 -0.974016 
41.800000 -4.895829 -0.488927 
41.900000 -4.920206 0.001943 
42.000000 -4.895411 0.493691 
42.100000 -4.821602 0.981401 
42.200000 -4.699428 1.460188 
42.300000 -4.530023 1.925248 
42.400000 -4.314992 2.371909 
42.500000 -4.056404 2.795676 
42.600000 -3.756764 3.192275 
42.700000 -3.418989 3.557698 
42.800000 -3.046387 3.888244 
42.900000 -2.642616 4.180551 
43.000000 -2.211652 4.431639 
43.100000 -1.757749 4.638933 
43.200000 -1.285398 4.800290 
43.300000 -0.799280 4.914027 
43.400000 -0.304222 4.978930 
43.500000 0.194853 4.994272 
43.600000 0.692971 4.959821 
43.700000 1.185164 4.875839 
43.800000 1.666512 4.743086 
43.900000 2.132196 4.562808 
44.000000 2.577546 4.336726 
44.100000 2.998086 4.067021 
44.200000 3.389582 3.756314 
44.300000 3.748082 3.407636 
44.400000 4.069956 3.024402 
44.500000 4.351935 2.610378 
44.600000 4.591141 2.169640 
44.700000 4.785117 1.706537 
44.800000 4.931854 1.225646 
44.900000 5.029811 0.731730 
45.000000 5.077929 0.229686 
45.100000 5.075644 -0.275501 
45.200000 5.022892 -0.778805 
45.300000 4.920113 -1.275214 
45.400000 4.768244 -1.759778 
45.500000 4.568714 -2.227658 
45.600000 4.323425 -2.674173 
45.700000 4.034741 -3.094850 
45.800000 3.705458 -3.485465 
45.900000 3.338782 -3.842089 
46.000000 2.938294 -4.161126 
46.100000 2.507918 -4.439348 
46.200000 2.051880 -4.673930 
46.300000 1.574668 -4.862475 
46.400000 1.080986 -5.003043 
46.500000 0.575709 -5.094167 
46.600000 0.063834 -5.134871 
46.700000 -0.449567 -5.124677 
46.800000 -0.959404 -5.063613 
46.900000 -1.460611 -4.952214 
47.000000 -1.948202 -4.791514 
47.100000 -2.417320 -4.583039 
47.200000 -2.863283 -4.328791 
47.300000 -3.281633 -4.031230 
47.400000 -3.668180 -3.693248 
47.500000 -4.019044 -3.318144 
47.600000 -4.330693 -2.909587 
47.700000 -4.599979 -2.471586 
47.800000 -4.824171 -2.008444 
47.900000 -5.000981 -1.524720 
48.000000 -5.128588 -1.025184 
48.100000 -5.205655 -0.514768 
48.200000 -5.231346 0.001484 
48.300000 -5.205334 0.518461 
48.400000 -5.127801 1.031041 
48.500000 -4.999442 1.534140 
48.600000 -4.821456 2.022759 
48.700000 -4.595535 2.492039 
48.800000 -4.323849 2.937309 
48.900000 -4.009022 3.354127 
49.000000 -3.654112 3.738329 
49.100000 -3.262573 4.086072 
49.200000 -2.838230 4.393868 
49.300000 -2.385235 4.658621 
49.400000 -1.908031 4.877658 
49.500000 -1.411303 5.048758 
49.600000 -0.899937 5.170170 
49.700000 -0.378968 5.240634 
49.800000 0.146465 5.259395 
49.900000 0.671178 5.226207 
50.000000 1.189983 5.141340 
50.100000 1.697748 5.005574 
50.200000 2.189443 4.820196 
50.300000 2.660191 4.586983 
50.400000 3.105319 4.308190 
50.500000 3.520399 3.986524 
50.600000 3.901298 3.625118 
50.700000 4.244214 3.227503 
50.800000 4.545720 2.797570 
50.900000 4.802791 2.339537 
51.000000 5.012840 1.857898 
51.100000 5.173741 1.357391 
51.200000 5.283853 0.842942 
51.300000 5.342033 0.319617 
51.400000 5.347652 -0.207420 
51.500000 5.300599 -0.732969 
51.600000 5.201281 -1.251837 
51.700000 5.050625 -1.758893 
51.800000 4.850064 -2.249120 
51.900000 4.601525 -2.717662 
52.000000 4.307410 -3.159872 
52.100000 3.970575 -3.571362 
52.200000 3.594299 -3.948042 
52.300000 3.182253 -4.286164 
52.400000 2.738465 -4.582358 
52.500000 2.267279 -4.833664 
52.600000 1.773313 -5.037566 
52.700000 1.261415 -5.192011 
52.800000 0.736613 -5.295437 
52.900000 0.204065 -5.346782 
53.000000 -0.330988 -5.345498 
53.100000 -0.863277 -5.291557 
53.200000 -1.387559 -5.185451 
53.300000 -1.898661 -5.028188 
53.400000 -2.391540 -4.821281 
53.500000 -2.861328 -4.566734 
53.600000 -3.303380 -4.267023 
53.700000 -3.713323 -3.925073 
53.800000 -4.087097 -3.544225 
53.900000 -4.420995 -3.128208 
54.000000 -4.711701 -2.681100 
54.100000 -4.956324 -2.207288 
54.200000 -5.152423 -1.711427 
54.300000 -5.298036 -1.198388 
54.400000 -5.391696 -0.673219 
54.500000 -5.432448 -0.141088 
54.600000 -5.419856 0.392765 
54.700000 -5.354013 0.923081 
54.800000 -5.235533 1.444633 
54.900000 -5.065550 1.952276 
55.000000 -4.845708 2.441002 
55.100000 -4.578142 2.905986 
55.200000 -4.265456 3.342636 
55.300000 -3.910704 3.746637 
55.400000 -3.517351 4.113993 
55.500000 -3.089249 4.441069 
55.600000 -2.630589 4.724626 
55.700000 -2.145869 4.961852 
55.800000 -1.639843 5.150392 
55.900000 -1.117478 5.288368 
56.000000 -0.583902 5.374402 
56.100000 -0.044359 5.407627 
56.200000 0.495850 5.387698 
56.300000 1.031413 5.314791 
56.400000 1.557064 5.189607 
56.500000 2.067631 5.013361 
56.600000 2.558090 4.787772 
56.700000 3.023613 4.515048 
56.800000 3.459616 4.197860 
56.900000 3.861805 3.839318 
57.000000 4.226218 3.442941 
57.100000 4.549261 3.012623 
57.200000 4.827751 2.552592 
57.300000 5.058939 2.067370 
57.400000 5.240544 1.561728 
57.500000 5.370769 1.040639 
57.600000 5.448327 0.509229 
57.700000 5.472445 -0.027271 
57.800000 5.442879 -0.563583 
57.900000 5.359911 -1.094429 
58.000000 5.224350 -1.614582 
58.100000 5.037522 -2.118922 
58.200000 4.801259 -2.602485 
58.300000 4.517877 -3.060509 
58.400000 4.190159 -3.488486 
58.500000 3.821323 -3.882202 
58.600000 3.414991 -4.237782 
58.700000 2.975155 -4.551726 
58.800000 2.506138 -4.820943 
58.900000 2.012547 -5.042785 
59.000000 1.499234 -5.215070 
59.100000 0.971243 -5.336105 
59.200000 0.433763 -5.404701 
59.300000 -0.107925 -5.420186 
59.400000 -0.648498 -5.382412 
59.500000 -1.182644 -5.291757 
59.600000 -1.705115 -5.149118 
59.700000 -2.210780 -4.955905 
59.800000 -2.694672 -4.714026 
59.900000 -3.152041 -4.425870 
60.000000 -3.578397 -4.094280 
60.100000 -3.969557 -3.722526 
60.200000 -4.321685 -3.314274 
60.300000 -4.631329 -2.873552 
60.400000 -4.895457 -2.404702 
60.500000 -5.111485 -1.912345 
60.600000 -5.277303 -1.401334 
60.700000 -5.391297 -0.876702 
60.800000 -5.452362 -0.343617 
60.900000 -5.459914 0.192673 
61.000000 -5.413896 0.726887 
61.100000 -5.314781 1.253768 
61.200000 -5.163560 1.768133 
61.300000 -4.961741 2.264923 
61.400000 -4.711325 2.739254 
61.500000 -4.414794 3.186466 
61.600000 -4.075083 3.602167 
61.700000 -3.695548 3.982276 
61.800000 -3.279939 4.323067 
61.900000 -2.832358 4.621202 
62.000000 -2.357219 4.873765 
62.100000 -1.859207 5.078288 
62.200000 -1.343230 5.232782 
62.300000 -0.814370 5.335749 
62.400000 -0.277833 5.386200 
62.500000 0.261102 5.383666 
62.600000 0.797135 5.328200 
62.700000 1.324996 5.220374 
62.800000 1.839499 5.061281 
62.900000 2.335595 4.852516 
63.000000 2.808415 4.596163 
63.100000 3.253325 4.294775 
63.200000 3.665967 3.951348 
63.300000 4.042306 3.569290 
63.400000 4.378663 3.152389 
63.500000 4.671759 2.704774 
63.600000 4.918741 2.230875 
63.700000 5.117213 1.735379 
63.800000 5.265259 1.223180 
63.900000 5.361461 0.699339 
64.000000 5.404911 0.169025 
64.100000 5.395224 -0.362532 
64.200000 5.332538 -0.890092 
64.300000 5.217512 -1.408460 
64.400000 5.051323 -1.912533 
64.500000 4.835648 -2.397354 
64.600000 4.572653 -2.858159 
64.700000 4.264968 -3.290425 
64.800000 3.915662 -3.689913 
64.900000 3.528209 -4.052712 
65.000000 3.106461 -4.375275 
65.100000 2.654602 -4.654456 
65.200000 2.177108 -4.887538 
65.300000 1.678707 -5.072263 
65.400000 1.164328 -5.206852 
65.500000 0.639052 -5.290023 
65.600000 0.108065 -5.321001 
65.700000 -0.423398 -5.299528 
65.800000 -0.950100 -5.225866 
65.900000 -1.466856 -5.100790 
66.000000 -1.968585 -4.925583 
66.100000 -2.450360 -4.702022 
66.200000 -2.907452 -4.432361 
66.300000 -3.335384 -4.119307 
66.400000 -3.729970 -3.765992 
66.500000 -4.087357 -3.375945 
66.600000 -4.404063 -2.953055 
66.700000 -4.677013 -2.501529 
66.800000 -4.903564 -2.025856 
66.900000 -5.081536 -1.530758 
67.000000 -5.209231 -1.021146 
67.100000 -5.285449 -0.502067 
67.200000 -5.309500 0.021341 
67.300000 -5.281209 0.543903 
67.400000 -5.200920 1.060457 
67.500000 -5.069488 1.565908 
67.600000 -4.888275 2.055273 
67.700000 -4.659131 2.523735 
67.800000 -4.384379 2.966689 
67.900000 -4.066789 3.379786 
68.000000 -3.709552 3.758979 
68.100000 -3.316248 4.100558 
68.200000 -2.890807 4.401191 
68.300000 -2.437473 4.657957 
68.400000 -1.960762 4.868367 
68.500000 -1.465414 5.030400 
68.600000 -0.956347 5.142511 
68.700000 -0.438612 5.203654 
68.800000 0.082665 5.213289 
68.900000 0.602327 5.171384 
69.000000 1.115239 5.078420 
69.100000 1.616340 4.935383 
69.200000 2.100694 4.743753 
69.300000 2.563535 4.505491 
69.400000 3.000317 4.223015 
69.500000 3.406758 3.899182 
69.600000 3.778883 3.537253 
69.700000 4.113059 3.140863 
69.800000 4.406038 2.713985 
69.900000 4.654982 2.260888 
70.000000 4.857492 1.786097 
70.100000 5.011635 1.294346 
70.200000 5.115959 0.790531 
70.300000 5.169506 0.279662 
70.400000 5.171825 -0.233188 
70.500000 5.122972 -0.742931 
70.600000 5.023511 -1.244519 
70.700000 4.874506 -1.732989 
70.800000 4.677511 -2.203517 
70.900000 4.434556 -2.651461 
71.000000 4.148120 -3.072411 
71.100000 3.821112 -3.462229 
71.200000 3.456840 -3.817093 
71.300000 3.058975 -4.133534 
71.400000 2.631518 -4.408466 
71.500000 2.178756 -4.639223 
71.600000 1.705221 -4.823579 
71.700000 1.215647 -4.959773 
71.800000 0.714916 -5.046525 
71.900000 0.208017 -5.083047 
72.000000 -0.300008 -5.069054 
72.100000 -0.804115 -5.004759 
72.200000 -1.299306 -4.890880 
72.300000 -1.780677 -4.728624 
72.400000 -2.243473 -4.519676 
72.500000 -2.683127 -4.266187 
72.600000 -3.095311 -3.970746 
72.700000 -3.475976 -3.636354 
72.800000 -3.821395 -3.266399 
72.900000 -4.128194 -2.864614 
73.000000 -4.393391 -2.435047 
73.100000 -4.614421 -1.982016 
73.200000 -4.789163 -1.510064 
73.300000 -4.915960 -1.023919 
73.400000 -4.993635 -0.528442 
73.500000 -5.021502 -0.028580 
73.600000 -4.999371 0.470683 
73.700000 -4.927551 0.964375 
73.800000 -4.806845 1.447590 
73.900000 -4.638543 1.915531 
74.000000 -4.424403 2.363560 
74.100000 -4.166643 2.787245 
74.200000 -3.867906 3.182403 
74.300000 -3.531243 3.545142 
74.400000 -3.160078 3.871899 
74.500000 -2.758171 4.159472 
74.600000 -2.329584 4.405060 
74.700000 -1.878639 4.606280 
74.800000 -1.409873 4.761198 
74.900000 -0.927993 4.868344 
75.000000 -0.437831 4.926727 
75.100000 0.055709 4.935844 
75.200000 0.547694 4.895685 
75.300000 1.033218 4.806731 
75.400000 1.507445 4.669952 
75.500000 1.965661 4.486791 
75.600000 2.403319 4.259154 
75.700000 2.816086 3.989389 
75.800000 3.199884 3.680260 
75.900000 3.550930 3.334921 
76.000000 3.865777 2.956884 
76.100000 4.141344 2.549981 
76.200000 4.374948 2.118328 
76.300000 4.564329 1.666283 
76.400000 4.707676 1.198400 
76.500000 4.803638 0.719385 
76.600000 4.851342 0.234050 
76.700000 4.850399 -0.252738 
76.800000 4.800908 -0.736106 
76.900000 4.703453 -1.211221 
77.000000 4.559098 -1.673338 
77.100000 4.369373 -2.117853 
77.200000 4.136262 -2.540343 
77.300000 3.862179 -2.936610 
77.400000 3.549946 -3.302729 
77.500000 3.202760 -3.635080 
77.600000 2.824165 -3.930386 
77.700000 2.418015 -4.185749 
77.800000 1.988431 -4.398673 
77.900000 1.539765 -4.567092 
78.000000 1.076552 -4.689389 
78.100000 0.603465 -4.764411 
78.200000 0.125269 -4.791482 
78.300000 -0.353226 -4.770409 
78.400000 -0.827216 -4.701478 
78.500000 -1.291950 -4.585459 
78.600000 -1.742778 -4.423592 
78.700000 -2.175196 -4.217574 
78.800000 -2.584891 -3.969545 
78.900000 -2.967788 -3.682062 
79.000000 -3.320086 -3.358075 
79.100000 -3.638296 -3.000897 
79.200000 -3.919279 -2.614170 
79.300000 -4.160275 -2.201825 
79.400000 -4.358929 -1.768049 
79.500000 -4.513317 -1.317235 
79.600000 -4.621960 -0.853944 
79.700000 -4.683845 -0.382853 
79.800000 -4.698429 0.091286 
79.900000 -4.665646 0.563699 
80.000000 -4.585905 1.029634 
80.100000 -4.460091 1.484412 
80.200000 -4.289547 1.923473 
80.300000 -4.076067 2.342418 
80.400000 -3.821874 2.737061 
80.500000 -3.529597 3.103462 
80.600000 -3.202246 3.437972 
80.700000 -2.843178 3.737269 
80.800000 -2.456066 3.998387 
80.900000 -2.044860 4.218751 
81.000000 -1.613747 4.396198 
81.100000 -1.167110 4.529000 
81.200000 -0.709479 4.615883 
81.300000 -0.245492 4.656035 
81.400000 0.220158 4.649116 
81.500000 0.682765 4.595262 
81.600000 1.137664 4.495081 
81.700000 1.580272 4.349646 
81.800000 2.006135 4.160489 
81.900000 2.410977 3.929576 
82.000000 2.790737 3.659295 
82.100000 3.141615 3.352426 
82.200000 3.460106 3.012118 
82.300000 3.743039 2.641850 
82.400000 3.987603 2.245402 
82.500000 4.191381 1.826812 
82.600000 4.352369 1.390337 
82.700000 4.468999 0.940412 
82.800000 4.540155 0.481599 
82.900000 4.565178 0.018548 
83.000000 4.543879 -0.444054 
83.100000 4.476538 -0.901531 
83.200000 4.363898 -1.349263 
83.300000 4.207161 -1.782733 
83.400000 4.007973 -2.197573 
83.500000 3.768407 -2.589608 
83.600000 3.490943 -2.954897 
83.700000 3.178442 -3.289775 
83.800000 2.834115 -3.590885 
83.900000 2.461492 -3.855219 
84.000000 2.064386 -4.080139 
84.100000 1.646854 -4.263412 
84.200000 1.213154 -4.403225 
84.300000 0.767704 -4.498209 
84.400000 0.315038 -4.547448 
84.500000 -0.140244 -4.550490 
84.600000 -0.593519 -4.507350 
84.700000 -1.040190 -4.418512 
84.800000 -1.475729 -4.284921 
84.900000 -1.895727 -4.107973 
85.000000 -2.295938 -3.889503 
85.100000 -2.672318 -3.631764 
85.200000 -3.021069 -3.337406 
85.300000 -3.338678 -3.009445 
85.400000 -3.621949 -2.651237 
85.500000 -3.868038 -2.266441 
85.600000 -4.074481 -1.858982 
85.700000 -4.239217 -1.433013 
85.800000 -4.360611 -0.992870 
85.900000 -4.437468 -0.543030 
86.000000 -4.469046 -0.088064 
86.100000 -4.455064 0.367406 
86.200000 -4.395702 0.818758 
86.300000 -4.291602 1.261414 
86.400000 -4.143859 1.690886 
86.500000 -3.954010 2.102825 
86.600000 -3.724018 2.493059 
86.700000 -3.456253 2.857643 
86.800000 -3.153468 3.192889 
86.900000 -2.818767 3.495412 
87.000000 -2.455579 3.762161 
87.100000 -2.067618 3.990446 
87.200000 -1.658850 4.177971 
87.300000 -1.233447 4.322855 
87.400000 -0.795750 4.423648 
87.500000 -0.350221 4.479349 
87.600000 0.098598 4.489415 
87.700000 0.546136 4.453766 
87.800000 0.987839 4.372785 
87.900000 1.419209 4.247316 
88.000000 1.835861 4.078653 
88.100000 2.233557 3.868528 
88.200000 2.608255 3.619092 
88.300000 2.956149 3.332896 
88.400000 3.273705 3.012861 
88.500000 3.557701 2.662253 
88.600000 3.805255 2.284646 
88.700000 4.013858 1.883885 
88.800000 4.181396 1.464052 
88.900000 4.306174 1.029421 
89.000000 4.386934 0.584414 
89.100000 4.422862 0.133558 
89.200000 4.413603 -0.318561 
89.300000 4.359261 -0.767346 
89.400000 4.260397 -1.208233 
89.500000 4.118027 -1.636740 
89.600000 3.933607 -2.048511 
89.700000 3.709023 -2.439361 
89.800000 3.446566 -2.805315 
89.900000 3.148914 -3.142654 
90.000000 2.819104 -3.447949 
90.100000 2.460497 -3.718095 
90.200000 2.076749 -3.950345 
90.300000 1.671771 -4.142337 
90.400000 1.249690 -4.292116 
90.500000 0.814807 -4.398157 
90.600000 0.371554 -4.459379 
90.700000 -0.075553 -4.475154 
90.800000 -0.521955 -4.445318 
90.900000 -0.963105 -4.370168 
91.000000 -1.394503 -4.250461 
91.100000 -1.811751 -4.087408 
91.200000 -2.210593 -3.882659 
91.300000 -2.586961 -3.638287 
91.400000 -2.937011 -3.356770 
91.500000 -3.257171 -3.040960 
91.600000 -3.544166 -2.694061 
91.700000 -3.795063 -2.319592 
91.800000 -4.007291 -1.921352 
91.900000 -4.178675 -1.503383 
92.000000 -4.307451 -1.069930 
92.100000 -4.392291 -0.625393 
92.200000 -4.432311 -0.174290 
92.300000 -4.427083 0.278797 
92.400000 -4.376639 0.729261 
92.500000 -4.281471 1.172521 
92.600000 -4.142526 1.604067 
92.700000 -3.961195 2.019508 
92.800000 -3.739302 2.414611 
92.900000 -3.479085 2.785351 
93.000000 -3.183171 3.127946 
93.100000 -2.854552 3.438898 
93.200000 -2.496553 3.715029 
93.300000 -2.112802 3.953514 
93.400000 -1.707188 4.151905 
93.500000 -1.283826 4.308163 
93.600000 -0.847015 4.420672 
93.700000 -0.401191 4.488261 
93.800000 0.049115 4.510213 
93.900000 0.499321 4.486274 
94.000000 0.944846 4.416655 
94.100000 1.381151 4.302030 
94.200000 1.803788 4.143529 
94.300000 2.208445 3.942730 
94.400000 2.590990 3.701639 
94.500000 2.947509 3.422673 
94.600000 3.274354 3.108633 
94.700000 3.568171 2.762678 
94.800000 3.825941 2.388294 
94.900000 4.045008 1.989258 
95.000000 4.223105 1.569597 
95.100000 4.358380 1.133553 
95.200000 4.449416 0.685536 
95.300000 4.495239 0.230081 
95.400000 4.495338 -0.228198 
95.500000 4.449661 -0.684654 
95.600000 4.358622 -1.134655 
95.700000 4.223098 -1.573630 
95.800000 4.044413 -1.997116 
95.900000 3.824335 -2.400804 
96.000000 3.565050 -2.780578 
96.100000 3.269146 -3.132565 
96.200000 2.939584 -3.453165 
96.300000 2.579670 -3.739096 
96.400000 2.193019 -3.987423 
96.500000 1.783525 -4.195587 
96.600000 1.355314 -4.361434 
96.700000 0.912707 -4.483236 
96.800000 0.460179 -4.559710 
96.900000 0.002305 -4.590028 
97.000000 -0.456275 -4.573829 
97.100000 -0.910912 -4.511222 
97.200000 -1.356991 -4.402787 
97.300000 -1.789975 -4.249565 
97.400000 -2.205459 -4.053054 
97.500000 -2.599207 -3.815188 
97.600000 -2.967196 -3.538325 
97.700000 -3.305662 -3.225216 
97.800000 -3.611134 -2.878984 
97.900000 -3.880469 -2.503089 
98.000000 -4.110888 -2.101294 
98.100000 -4.299999 -1.677631 
98.200000 -4.445826 -1.236353 
98.300000 -4.546830 -0.781901 
98.400000 -4.601920 -0.318849 
98.500000 -4.610468 0.148132 
98.600000 -4.572319 0.614329 
98.700000 -4.487786 1.075030 
98.800000 -4.357652 1.525572 
98.900000 -4.183163 1.961390 
99.000000 -3.966013 2.378060 
99.100000 -3.708331 2.771349 
99.200000 -3.412656 3.137252 
99.300000 -3.081918 3.472036 
99.400000 -2.719402 3.772276 
99.500000 -2.328718 4.034893 
99.600000 -1.913768 4.257181 
99.700000 -1.478704 4.436839 
99.800000 -1.027885 4.571992 
99.900000 -0.565838 4.661211 
100.000000 -0.097208 4.703528 
