   0.000001000000000  100.000000000000000
   0.010001000000002   99.889228057984440
   0.020000999999993   99.778578820200252
   0.030000999999984   99.668052150725345
   0.040000999999975   99.557647913789424
   0.050001000000007   99.447365973771170
   0.060001000000043   99.337206195197950
   0.070001000000079   99.227168442749814
   0.080001000000116   99.117252581259095
   0.090001000000152   99.007458475700489
   0.100001000000188   98.897785991206547
   0.110001000000225   98.788234993053379
   0.120001000000261   98.678805346667644
   0.130001000000298   98.569496917626338
   0.140001000000334   98.460309571655159
   0.150001000000370   98.351243174627569
   0.160001000000407   98.242297592565592
   0.170001000000331   98.133472691640222
   0.180001000000186   98.024768338172635
   0.190001000000040   97.916184398628431
   0.200000999999895   97.807720739620777
   0.210000999999749   97.699377227915605
   0.220000999999604   97.591153730423400
   0.230000999999458   97.483050114199628
   0.240000999999312   97.375066246452718
   0.250000999999167   97.267201994532428
   0.260000999999021   97.159457225938510
   0.270000999998876   97.051831808316663
   0.280000999998730   96.944325609459355
   0.290000999998585   96.836938497305766
   0.300000999998439   96.729670339944263
   0.310000999998294   96.622521005602579
   0.320000999998148   96.515490362659250
   0.330000999998003   96.408578279638760
   0.340000999997857   96.301784625207503
   0.350000999997712   96.195109268180147
   0.360000999997566   96.088552077520433
   0.370000999997421   95.982112922329875
   0.380000999997275   95.875791671858423
   0.390000999997130   95.769588195500390
   0.400000999996984   95.663502362795668
   0.410000999996839   95.557534043426429
   0.420000999996693   95.451683107225691
   0.430000999996548   95.345949424160338
   0.440000999996402   95.240332864349782
   0.450000999996257   95.134833298053778
   0.460000999996111   95.029450595675812
   0.470000999995966   94.924184627763680
   0.480000999995820   94.819035265008196
   0.490000999995675   94.714002378244572
   0.500000999995529   94.609085838449175
   0.510000999995384   94.504285516741916
   0.520000999995238   94.399601284387700
   0.530000999995092   94.295033012788522
   0.540000999994947   94.190580573495509
   0.550000999994801   94.086243838197419
   0.560000999994656   93.982022678728129
   0.570000999994510   93.877916967061807
   0.580000999994365   93.773926575314718
   0.590000999994219   93.670051375741636
   0.600000999994074   93.566291240744647
   0.610000999993928   93.462646042863554
   0.620000999993783   93.359115654781704
   0.630000999993637   93.255699949321382
   0.640000999993492   93.152398799447241
   0.650000999993346   93.049212078261263
   0.660000999993538   92.946139659012374
   0.670000999994120   92.843181415081645
   0.680000999994703   92.740337219998551
   0.690000999995285   92.637606947427386
   0.700000999995867   92.534990471173657
   0.710000999996449   92.432487665183729
   0.720000999997031   92.330098403543573
   0.730000999997613   92.227822560477279
   0.740000999998195   92.125660010347644
   0.750000999998777   92.023610627657888
   0.760000999999359   91.921674287051289
   0.770000999999941   91.819850863309213
   0.780001000000523   91.718140231352209
   0.790001000001105   91.616542266237573
   0.800001000001687   91.515056843161190
   0.810001000002269   91.413683837457810
   0.820001000002852   91.312423124602802
   0.830001000003434   91.211274580206137
   0.840001000004016   91.110238080014952
   0.850001000004598   91.009313499918633
   0.860001000005180   90.908500715938089
   0.870001000005762   90.807799604236976
   0.880001000006344   90.707210041113171
   0.890001000006926   90.606731903002711
   0.900001000007508   90.506365066475297
   0.910001000008090   90.406109408243935
   0.920001000008672   90.305964805151859
   0.930001000009254   90.205931134180503
   0.940001000009837   90.106008272448761
   0.950001000010419   90.006196097213390
   0.960001000011001   89.906494485862112
   0.970001000011583   89.806903315921716
   0.980001000012165   89.707422465053725
   0.990001000012747   89.608051811055489
   1.000001000013329   89.508791231861437
   1.010001000013911   89.409640605538030
   1.020001000014493   89.310599810288437
   1.030001000015075   89.211668724451897
   1.040001000015657   89.112847226501685
   1.050001000016239   89.014135195042641
   1.060001000016821   88.915532508819240
   1.070001000017404   88.817039046705986
   1.080001000017986   88.718654687712615
   1.090001000018568   88.620379310984106
   1.100001000019150   88.522212795798396
   1.110001000019732   88.424155021567884
   1.120001000020314   88.326205867837899
   1.130001000020896   88.228365214287720
   1.140001000021478   88.130632940730266
   1.150001000022060   88.033008927109876
   1.160001000022642   87.935493053505752
   1.170001000023224   87.838085200128575
   1.180001000023806   87.740785247322549
   1.190001000024388   87.643593075563260
   1.200001000024971   87.546508565460286
   1.210001000025553   87.449531597755822
   1.220001000026135   87.352662053321268
   1.230001000026717   87.255899813162657
   1.240001000027299   87.159244758415909
   1.250001000027881   87.062696770350016
   1.260001000028463   86.966255730366157
   1.270001000029045   86.869921519995586
   1.280001000029627   86.773694020899313
   1.290001000030209   86.677573114873880
   1.300001000030791   86.581558683841962
   1.310001000031373   86.485650609859491
   1.320001000031955   86.389848775114643
   1.330001000032537   86.294153061922060
   1.340001000033120   86.198563352729010
   1.350001000033701   86.103079530112339
   1.360001000034284   86.007701476781591
   1.370001000034866   85.912429075571396
   1.380001000035448   85.817262209451172
   1.390001000036030   85.722200761516220
   1.400001000036612   85.627244614992890
   1.410001000037194   85.532393653237378
   1.420001000037776   85.437647759733608
   1.430001000038358   85.343006818097322
   1.440001000038940   85.248470712068567
   1.450001000039522   85.154039325519747
   1.460001000040104   85.059712542453624
   1.470001000040686   84.965490246998385
   1.480001000041268   84.871372323407954
   1.490001000041851   84.777358656068699
   1.500001000042433   84.683449129496097
   1.510001000043015   84.589643628328417
   1.520001000043597   84.495942037336832
   1.530001000044179   84.402344241417055
   1.540001000044761   84.308850125593708
   1.550001000045343   84.215459575018514
   1.560001000045925   84.122172474969631
   1.570001000046507   84.028988710852033
   1.580001000047089   83.935908168198949
   1.590001000047671   83.842930732671974
   1.600001000048253   83.750056290054843
   1.610001000048836   83.657284726262304
   1.620001000049418   83.564615927333548
   1.630001000050000   83.472049779430250
   1.640001000050582   83.379586168848675
   1.650001000051164   83.287224982003721
   1.660001000051746   83.194966105439363
   1.670001000052328   83.102809425824489
   1.680001000052910   83.010754829953584
   1.690001000053492   82.918802204747550
   1.700001000054074   82.826951437248823
   1.710001000054656   82.735202414628162
   1.720001000055238   82.643555024181765
   1.730001000055821   82.552009153331298
   1.740001000056403   82.460564689619417
   1.750001000056985   82.369221520715243
   1.760001000057567   82.277979534413504
   1.770001000058149   82.186838618631697
   1.780001000058731   82.095798661412289
   1.790001000059313   82.004859550922234
   1.800001000059895   81.914021175449761
   1.810001000060477   81.823283423410132
   1.820001000061059   81.732646183340748
   1.830001000061641   81.642109343903044
   1.840001000062223   81.551672793879462
   1.850001000062805   81.461336422179301
   1.860001000063388   81.371100117832057
   1.870001000063970   81.280963769990763
   1.880001000064552   81.190927267932892
   1.890001000065134   81.100990501057169
   1.900001000065716   81.011153358884272
   1.910001000066298   80.921415731058588
   1.920001000066880   80.831777507347496
   1.930001000067462   80.742238577637750
   1.940001000068044   80.652798831936309
   1.950001000068626   80.563458160380492
   1.960001000069208   80.474216453220123
   1.970001000069790   80.385073600831234
   1.980001000070372   80.296029493711899
   1.990001000070954   80.207084022479620
   2.000001000071537   80.118237077873573
   2.010001000072119   80.029488550752262
   2.020001000072701   79.940838332098494
   2.030001000073283   79.852286313014247
   2.040001000073865   79.763832384720772
   2.050001000074447   79.675476438561233
   2.060001000075029   79.587218365999007
   2.070001000075611   79.499058058617663
   2.080001000076193   79.410995408121096
   2.090001000076775   79.323030306332825
   2.100001000077357   79.235162645196226
   2.110001000077939   79.147392316774628
   2.120001000078521   79.059719213249224
   2.130001000079103   78.972143226923919
   2.140001000079686   78.884664250221391
   2.150001000080268   78.797282175677381
   2.160001000080850   78.709996895955513
   2.170001000081432   78.622808303832741
   2.180001000082014   78.535716292207368
   2.190001000082596   78.448720754093372
   2.200001000083178   78.361821582627783
   2.210001000083760   78.275018671060593
   2.220001000084342   78.188311912764519
   2.230001000084924   78.101701201227939
   2.240001000085507   78.015186430060197
   2.250001000086089   77.928767492983866
   2.260001000086671   77.842444283841957
   2.270001000087253   77.756216696596312
   2.280001000087835   77.670084625322900
   2.290001000088417   77.584047964217802
   2.300001000088999   77.498106607592618
   2.310001000089581   77.412260449876555
   2.320001000090163   77.326509385617470
   2.330001000090745   77.240853309477487
   2.340001000091327   77.155292116236637
   2.350001000091909   77.069825700790844
   2.360001000092491   76.984453958154134
   2.370001000093073   76.899176783454919
   2.380001000093655   76.813994071936861
   2.390001000094238   76.728905718962764
   2.400001000094820   76.643911620010158
   2.410001000095402   76.559011670671978
   2.420001000095984   76.474205766655729
   2.430001000096566   76.389493803787417
   2.440001000097148   76.304875678005345
   2.450001000097730   76.220351285364771
   2.460001000098312   76.135920522035661
   2.470001000098894   76.051583284302012
   2.480001000099476   75.967339468564333
   2.490001000100059   75.883188971337574
   2.500001000100641   75.799131689250544
   2.510001000101223   75.715167519046958
   2.520001000101805   75.631296357586862
   2.530001000102386   75.547518101841035
   2.540001000102969   75.463832648895192
   2.550001000103551   75.380239895950297
   2.560001000104133   75.296739740321883
   2.570001000104715   75.213332079436199
   2.580001000105297   75.130016810838043
   2.590001000105879   75.046793832179503
   2.600001000106461   74.963663041230646
   2.610001000107043   74.880624335873677
   2.620001000107625   74.797677614103065
   2.630001000105715   74.714822774027283
   2.640001000103387   74.632059713866923
   2.650001000101059   74.549388331955413
   2.660001000098731   74.466808526738760
   2.670001000096403   74.384320196778958
   2.680001000094074   74.301923240742283
   2.690001000091746   74.219617557413557
   2.700001000089417   74.137403045688586
   2.710001000087089   74.055279604574309
   2.720001000084761   73.973247133190341
   2.730001000082432   73.891305530767340
   2.740001000080104   73.809454696648842
   2.750001000077776   73.727694530290336
   2.760001000075448   73.646024931255212
   2.770001000073119   73.564445799221062
   2.780001000070791   73.482957033976291
   2.790001000068463   73.401558535418459
   2.800001000066134   73.320250203559496
   2.810001000063806   73.239031938518906
   2.820001000061478   73.157903640526669
   2.830001000059149   73.076865209925927
   2.840001000056821   72.995916547169131
   2.850001000054493   72.915057552817700
   2.860001000052165   72.834288127545605
   2.870001000049836   72.753608172133028
   2.880001000047508   72.673017587474988
   2.890001000045180   72.592516274572404
   2.900001000042851   72.512104134536870
   2.910001000040523   72.431781068590752
   2.920001000038195   72.351546978064050
   2.930001000035866   72.271401764397709
   2.940001000033538   72.191345329141157
   2.950001000031210   72.111377573953433
   2.960001000028881   72.031498400600725
   2.970001000026553   71.951707710959454
   2.980001000024225   71.872005407014967
   2.990001000021897   71.792391390860686
   3.000001000019568   71.712865564696898
   3.010001000017240   71.633427830836737
   3.020001000014912   71.554078091696368
   3.030001000012583   71.474816249802785
   3.040001000010255   71.395642207790729
   3.050001000007927   71.316555868402276
   3.060001000005598   71.237557134487687
   3.070001000003270   71.158645909005983
   3.080001000000942   71.079822095020518
   3.090000999998614   71.001085595704694
   3.100000999996285   70.922436314338185
   3.110000999993957   70.843874154307628
   3.120000999991629   70.765399019107136
   3.130000999989300   70.687010812338528
   3.140000999986972   70.608709437708214
   3.150000999984644   70.530494799032383
   3.160000999982315   70.452366800229711
   3.170000999979987   70.374325345329623
   3.180000999977659   70.296370338464030
   3.190000999975330   70.218501683873370
   3.200000999973002   70.140719285903160
   3.210000999970674   70.063023049005579
   3.220000999968346   69.985412877739691
   3.230000999966017   69.907888676766717
   3.240000999963689   69.830450350857262
   3.250000999961361   69.753097804885527
   3.260000999959032   69.675830943830320
   3.270000999956704   69.598649672778990
   3.280000999954376   69.521553896920352
   3.290000999952047   69.444543521548837
   3.300000999949719   69.367618452066552
   3.310000999947391   69.290778593977265
   3.320000999945063   69.214023852891572
   3.330000999942734   69.137354134521985
   3.340000999940406   69.060769344689717
   3.350000999938078   68.984269389315642
   3.360000999935749   68.907854174427840
   3.370000999933421   68.831523606157191
   3.380000999931092   68.755277590739695
   3.390000999928764   68.679116034513711
   3.400000999926436   68.603038843922704
   3.410000999924108   68.527045925513335
   3.420000999921780   68.451137185935593
   3.430000999919451   68.375312531944104
   3.440000999917123   68.299571870393393
   3.450000999914795   68.223915108243219
   3.460000999912466   68.148342152558655
   3.470000999910138   68.072852910504764
   3.480000999907809   67.997447289349751
   3.490000999905481   67.922125196465061
   3.500000999903153   67.846886539326363
   3.510000999900825   67.771731225510067
   3.520000999898496   67.696659162693706
   3.530000999896168   67.621670258659222
   3.540000999893840   67.546764421289410
   3.550000999891512   67.471941558571459
   3.560000999889183   67.397201578591350
   3.570000999886855   67.322544389538450
   3.580000999884526   67.247969899703492
   3.590000999882198   67.173478017479397
   3.600000999879870   67.099068651360241
   3.610000999877542   67.024741709940614
   3.620000999875213   66.950497101917961
   3.630000999872885   66.876334736089191
   3.640000999870557   66.802254521353831
   3.650000999868229   66.728256366710099
   3.660000999865900   66.654340181261006
   3.670000999863572   66.580505874204434
   3.680000999861243   66.506753354842402
   3.690000999858915   66.433082532578894
   3.700000999856587   66.359493316916229
   3.710000999854258   66.285985617457044
   3.720000999851930   66.212559343904104
   3.730000999849602   66.139214406060461
   3.740000999847274   66.065950713828855
   3.750000999844946   65.992768177211417
   3.760000999842617   65.919666706310338
   3.770000999840289   65.846646211329414
   3.780000999837960   65.773706602568751
   3.790000999835632   65.700847790428782
   3.800000999833304   65.628069685409869
   3.810000999830975   65.555372198111343
   3.820000999828647   65.482755239231125
   3.830000999826319   65.410218719566728
   3.840000999823991   65.337762550013437
   3.850000999821662   65.265386641567062
   3.860000999819334   65.193090905319465
   3.870000999817006   65.120875252463122
   3.880000999814677   65.048739594287895
   3.890000999812349   64.976683842182638
   3.900000999810021   64.904707907632798
   3.910000999807692   64.832811702224461
   3.920000999805364   64.760995137637551
   3.930000999803036   64.689258125655158
   3.940000999800708   64.617600578154338
   3.950000999798379   64.546022407109518
   3.960000999796051   64.474523524594545
   3.970000999793723   64.403103842781036
   3.980000999791394   64.331763273935735
   3.990000999789066   64.260501730424252
   4.000000999786738   64.189319124708746
   4.010000999784410   64.118215369347482
   4.020000999782081   64.047190376996895
   4.030000999779753   63.976244060409591
   4.040000999777424   63.905376332434741
   4.050000999775096   63.834587106017793
   4.060000999772768   63.763876294202994
   4.070000999770439   63.693243810126205
   4.080000999768111   63.622689567024004
   4.090000999765783   63.552213478228389
   4.100000999763455   63.481815457164174
   4.110000999761127   63.411495417355212
   4.120000999758798   63.341253272419294
   4.130000999756470   63.271088936073085
   4.140000999754141   63.201002322124424
   4.150000999751813   63.130993344478327
   4.160000999749485   63.061061917137017
   4.170000999747156   62.991207954196213
   4.180000999744828   62.921431369846260
   4.190000999742500   62.851732078372955
   4.200000999740172   62.782109994159384
   4.210000999737844   62.712565031680143
   4.220000999735515   62.643097105505724
   4.230000999733186   62.573706130302696
   4.240000999730858   62.504392020829940
   4.250000999728530   62.435154691943190
   4.260000999726202   62.365994058589820
   4.270000999723873   62.296910035812878
   4.280000999721545   62.227902538750641
   4.290000999719217   62.158971482632374
   4.300000999716889   62.090116782783412
   4.310000999714561   62.021338354623737
   4.320000999712232   61.952636113664468
   4.330000999709903   61.884009975511880
   4.340000999707575   61.815459855864859
   4.350000999705247   61.746985670516388
   4.360000999702919   61.678587335353114
   4.370000999700590   61.610264766353197
   4.380000999698262   61.542017879589181
   4.390000999695934   61.473846591228764
   4.400000999693606   61.405750817528443
   4.410000999691277   61.337730474838224
   4.420000999688948   61.269785479602177
   4.430000999686620   61.201915748358189
   4.440000999684292   61.134121197732533
   4.450000999681964   61.066401744447198
   4.460000999679636   60.998757305315976
   4.470000999677307   60.931187797243624
   4.480000999674979   60.863693137227372
   4.490000999672651   60.796273242357429
   4.500000999670323   60.728928029813254
   4.510000999667994   60.661657416868508
   4.520000999665665   60.594461320888797
   4.530000999663337   60.527339659329698
   4.540000999661009   60.460292349737927
   4.550000999658681   60.393319309752691
   4.560000999656353   60.326420457104689
   4.570000999654024   60.259595709615830
   4.580000999651696   60.192844985196729
   4.590000999649368   60.126168201852323
   4.600000999647039   60.059565277675063
   4.610000999644711   59.993036130850690
   4.620000999642382   59.926580679654101
   4.630000999640054   59.860198842451304
   4.640000999637726   59.793890537699099
   4.650000999635398   59.727655683943276
   4.660000999633070   59.661494199822044
   4.670000999630742   59.595406004060145
   4.680000999628413   59.529391015476918
   4.690000999626085   59.463449152978569
   4.700000999623756   59.397580335561486
   4.710000999621428   59.331784482312877
   4.720000999619100   59.266061512409472
   4.730000999616771   59.200411345115455
   4.740000999614443   59.134833899786585
   4.750000999612115   59.069329095867531
   4.760000999609787   59.003896852891543
   4.770000999607459   58.938537090482910
   4.780000999605130   58.873249728352192
   4.790000999602801   58.808034686300665
   4.800000999600473   58.742891884217443
   4.810000999598145   58.677821242080881
   4.820000999595817   58.612822679958271
   4.830000999593488   58.547896118006292
   4.840000999591160   58.483041476465566
   4.850000999588832   58.418258675672050
   4.860000999586504   58.353547636045050
   4.870000999584176   58.288908278093402
   4.880000999581847   58.224340522414067
   4.890000999579518   58.159844289691733
   4.900000999577190   58.095419500698071
   4.910000999574862   58.031066076294657
   4.920000999572534   57.966783937429469
   4.930000999570205   57.902573005137661
   4.940000999567877   57.838433200542788
   4.950000999565549   57.774364444855344
   4.960000999563221   57.710366659371992
   4.970000999560892   57.646439765478455
   4.980000999558563   57.582583684646522
   4.990000999556235   57.518798338435417
   5.000000999553907   57.455083648491780
   5.010000999551579   57.391439536547672
   5.020000999549251   57.327865924422518
   5.030000999546922   57.264362734021468
   5.040000999544594   57.200929887337750
   5.050000999542266   57.137567306450499
   5.060000999539938   57.074274913523737
   5.070000999537609   57.011052630811569
   5.080000999535280   56.947900380648846
   5.090000999532952   56.884818085459273
   5.100000999530624   56.821805667753971
   5.110000999528296   56.758863050127559
   5.120000999525968   56.695990155261001
   5.130000999523639   56.633186905920667
   5.140000999521311   56.570453224959394
   5.150000999518983   56.507789035314474
   5.160000999516654   56.445194260009956
   5.170000999514326   56.382668822153370
   5.180000999511997   56.320212644938572
   5.190000999509669   56.257825651644765
   5.200000999507341   56.195507765634162
   5.210000999505013   56.133258910355693
   5.220000999502685   56.071079009343237
   5.230000999500356   56.008967986214756
   5.240000999498028   55.946925764672947
   5.250000999495700   55.884952268504726
   5.260000999493371   55.823047421582181
   5.270000999491043   55.761211147860230
   5.280000999488714   55.699443371380440
   5.290000999486386   55.637744016265501
   5.300000999484058   55.576113006724192
   5.310000999481730   55.514550267048641
   5.320000999479402   55.453055721616202
   5.330000999477073   55.391629294885831
   5.340000999474745   55.330270911401328
   5.350000999472416   55.268980495790402
   5.360000999470088   55.207757972763453
   5.370000999467760   55.146603267113669
   5.380000999465431   55.085516303718613
   5.390000999463103   55.024497007538770
   5.400000999460775   54.963545303619078
   5.410000999458447   54.902661117085493
   5.420000999456119   54.841844373148071
   5.430000999453790   54.781094997097924
   5.440000999451462   54.720412914312334
   5.450000999449133   54.659798050248391
   5.460000999446805   54.599250330445926
   5.470000999444477   54.538769680527722
   5.480000999442148   54.478356026200935
   5.490000999439820   54.418009293251906
   5.500000999437492   54.357729407551581
   5.510000999435164   54.297516295051231
   5.520000999432836   54.237369881784026
   5.530000999430507   54.177290093867505
   5.540000999428178   54.117276857498872
   5.550000999425850   54.057330098956122
   5.560000999423522   53.997449744604268
   5.570000999421194   53.937635720882653
   5.580000999418865   53.877887954317245
   5.590000999416537   53.818206371513334
   5.600000999414209   53.758590899157227
   5.610000999411881   53.699041464016886
   5.620000999409553   53.639557992942976
   5.630000999407224   53.580140412864850
   5.640000999404895   53.520788650794913
   5.650000999402567   53.461502633824878
   5.660000999400239   53.402282289126362
   5.670000999397911   53.343127543953983
   5.680000999395582   53.284038325641632
   5.690000999393254   53.225014561603921
   5.700000999390926   53.166056179336188
   5.710000999388598   53.107163106412727
   5.720000999386269   53.048335270490000
   5.730000999383940   52.989572599303685
   5.740000999381612   52.930875020671003
   5.750000999379284   52.872242462485467
   5.760000999376956   52.813674852722109
   5.770000999374628   52.755172119437646
   5.780000999372299   52.696734190766449
   5.790000999369971   52.638360994924682
   5.800000999367643   52.580052460204811
   5.810000999365315   52.521808514981736
   5.820000999362986   52.463629087707787
   5.830000999360657   52.405514106915206
   5.840000999358329   52.347463501214776
   5.850000999356001   52.289477199298084
   5.860000999353673   52.231555129934165
   5.870000999351345   52.173697221971587
   5.880000999349016   52.115903404336891
   5.890000999346688   52.058173606036888
   5.900000999344360   52.000507756155365
   5.910000999342031   51.942905783855231
   5.920000999339703   51.885367618378567
   5.930000999337374   51.827893189045781
   5.940000999335046   51.770482425253725
   5.950000999332718   51.713135256480186
   5.960000999330390   51.655851612279022
   5.970000999328062   51.598631422283106
   5.980000999325733   51.541474616202365
   5.990000999323405   51.484381123825870
   6.000000999321077   51.427350875020863
   6.010000999318748   51.370383799728351
   6.020000999316420   51.313479827972159
   6.030000999314091   51.256638889850606
   6.040000999311763   51.199860915540853
   6.050000999309435   51.143145835296110
   6.060000999307107   51.086493579446056
   6.070000999304779   51.029904078400293
   6.080000999302450   50.973377262643346
   6.090000999300122   50.916913062738352
   6.100000999297793   50.860511409323323
   6.110000999295465   50.804172233115210
   6.120000999293137   50.747895464907501
   6.130000999290808   50.691681035568728
   6.140000999288480   50.635528876044745
   6.150000999286152   50.579438917357940
   6.160000999283824   50.523411090608221
   6.170000999281496   50.467445326970264
   6.180000999279167   50.411541557696424
   6.190000999276839   50.355699714112191
   6.200000999274510   50.299919727622665
   6.210000999272182   50.244201529707766
   6.220000999269854   50.188545051921743
   6.230000999267525   50.132950225897474
   6.240000999265197   50.077416983342147
   6.250000999262869   50.021945256037370
   6.260000999260541   49.966534975842443
   6.270000999258213   49.911186074691358
   6.280000999255884   49.855898484593610
   6.290000999253555   49.800672137632340
   6.300000999251227   49.745506965969163
   6.310000999248899   49.690402901837061
   6.320000999246571   49.635359877546946
   6.330000999244242   49.580377825483666
   6.340000999241914   49.525456678107382
   6.350000999239586   49.470596367952552
   6.360000999237258   49.415796827628938
   6.370000999234930   49.361057989820651
   6.380000999232601   49.306379787285110
   6.390000999230272   49.251762152856415
   6.400000999227944   49.197205019442535
   6.410000999225616   49.142708320025406
   6.420000999223288   49.088271987659631
   6.430000999220959   49.033895955476645
   6.440000999218631   48.979580156679766
   6.450000999216303   48.925324524549225
   6.460000999213975   48.871128992435175
   6.470000999211647   48.816993493765516
   6.480000999209317   48.762917962038806
   6.490000999206989   48.708902330828487
   6.500000999204661   48.654946533781143
   6.510000999202333   48.601050504618769
   6.520000999200005   48.547214177133654
   6.530000999197676   48.493437485194569
   6.540000999195348   48.439720362742143
   6.550000999193020   48.386062743789012
   6.560000999190692   48.332464562422757
   6.570000999188363   48.278925752802436
   6.580000999186034   48.225446249161067
   6.590000999183706   48.172025985804858
   6.600000999181378   48.118664897111699
   6.610000999179050   48.065362917532589
   6.620000999176722   48.012119981591113
   6.630000999174393   47.958936023883837
   6.640000999172065   47.905810979079561
   6.650000999169737   47.852744781920471
   6.660000999167409   47.799737367217205
   6.670000999165080   47.746788669857708
   6.680000999162751   47.693898624797392
   6.690000999160423   47.641067167066950
   6.700000999158095   47.588294231769225
   6.710000999155767   47.535579754076579
   6.720000999153439   47.482923669233983
   6.730000999151110   47.430325912558800
   6.740000999148782   47.377786419440511
   6.750000999146454   47.325305125338886
   6.760000999144125   47.272881965786276
   6.770000999141797   47.220516876386078
   6.780000999139468   47.168209792811098
   6.790000999137140   47.115960650809065
   6.800000999134812   47.063769386196427
   6.810000999132484   47.011635934861715
   6.820000999130156   46.959560232762499
   6.830000999127828   46.907542215930285
   6.840000999125499   46.855581820465147
   6.850000999123171   46.803678982539495
   6.860000999120842   46.751833638395254
   6.870000999118514   46.700045724345827
   6.880000999116186   46.648315176775675
   6.890000999113857   46.596641932136770
   6.900000999111529   46.545025926953954
   6.910000999109201   46.493467097822787
   6.920000999106873   46.441965381407265
   6.930000999104545   46.390520714444101
   6.940000999102216   46.339133033737241
   6.950000999099887   46.287802276163028
   6.960000999097559   46.236528378665220
   6.970000999095231   46.185311278259249
   6.980000999092903   46.134150912030400
   6.990000999090574   46.083047217132112
   7.000000999088246   46.032000130789349
   7.010000999085918   45.981009590295571
   7.020000999083590   45.930075533013522
   7.030000999081262   45.879197896376510
   7.040000999078933   45.828376617885084
   7.050000999076604   45.777611635110375
   7.060000999074276   45.726902885693193
   7.070000999071948   45.676250307342542
   7.080000999069620   45.625653837836509
   7.090000999067291   45.575113415022116
   7.100000999064963   45.524628976816174
   7.110000999062635   45.474200461201811
   7.120000999060307   45.423827806234726
   7.130000999057978   45.373510950036085
   7.140000999055649   45.323249830795419
   7.150000999053321   45.273044386772128
   7.160000999050993   45.222894556294889
   7.170000999048665   45.172800277758661
   7.180000999046337   45.122761489628225
   7.190000999044008   45.072778130434294
   7.200000999041680   45.022850138778352
   7.210000999039352   44.972977453328596
   7.220000999037024   44.923160012821626
   7.230000999034695   44.873397756059816
   7.240000999032366   44.823690621916491
   7.250000999030038   44.774038549331216
   7.260000999027710   44.724441477310847
   7.270000999025382   44.674899344930594
   7.280000999023054   44.625412091332485
   7.290000999020725   44.575979655726456
   7.300000999018397   44.526601977389355
   7.310000999016069   44.477278995665166
   7.320000999013740   44.428010649965174
   7.330000999011412   44.378796879768906
   7.340000999009083   44.329637624621149
   7.350000999006755   44.280532824135797
   7.360000999004427   44.231482417991437
   7.370000999002099   44.182486345934684
   7.380000998999771   44.133544547778008
   7.390000998997442   44.084656963401102
   7.400000998995114   44.035823532751003
   7.410000998992786   43.987044195841257
   7.420000998990457   43.938318892749990
   7.430000998988129   43.889647563623235
   7.440000998985800   43.841030148673191
   7.450000998983472   43.792466588177071
   7.460000998981144   43.743956822479994
   7.470000998978816   43.695500791993481
   7.480000998976488   43.647098437192248
   7.490000998974159   43.598749698619955
   7.500000998971831   43.550454516884074
   7.510000998969502   43.502212832658955
   7.520000998967174   43.454024586684099
   7.530000998964846   43.405889719764865
   7.540000998962517   43.357808172773240
   7.550000998960189   43.309779886644677
   7.560000998957861   43.261804802381242
   7.570000998955533   43.213882861050607
   7.580000998953205   43.166014003784873
   7.590000998950876   43.118198171781252
   7.600000998948548   43.070435306304027
   7.610000998946219   43.022725348679899
   7.620000998943891   42.975068240302370
   7.630000998941563   42.927463922629450
   7.640000998939234   42.879912337183768
   7.650000998936906   42.832413425552424
   7.660000998934578   42.784967129388463
   7.670000998932250   42.737573390408173
   7.680000998929922   42.690232150392781
   7.690000998927593   42.642943351188265
   7.700000998925264   42.595706934705426
   7.710000998922936   42.548522842918544
   7.720000998920608   42.501391017866140
   7.730000998918280   42.454311401651495
   7.740000998915951   42.407283936442163
   7.750000998913623   42.360308564469690
   7.760000998911295   42.313385228028487
   7.770000998908967   42.266513869478189
   7.780000998906639   42.219694431242196
   7.790000998904310   42.172926855807304
   7.800000998901981   42.126211085724321
   7.810000998899653   42.079547063606469
   7.820000998897325   42.032934732132695
   7.830000998894997   41.986374034043607
   7.840000998892668   41.939864912143832
   7.850000998890340   41.893407309301850
   7.860000998888012   41.847001168448799
   7.870000998885684   41.800646432578532
   7.880000998883355   41.754343044750271
   7.890000998881026   41.708090948083374
   7.900000998878698   41.661890085762394
   7.910000998876370   41.615740401033420
   7.920000998874042   41.569641837206902
   7.930000998871714   41.523594337654686
   7.940000998869385   41.477597845812333
   7.950000998867057   41.431652305176918
   7.960000998864729   41.385757659308958
   7.970000998862401   41.339913851831383
   7.980000998860072   41.294120826430046
   7.990000998857743   41.248378526851766
   8.000000998855416   41.202686896906584
   8.010000998853087   41.157045880467635
   8.020000998850758   41.111455421470140
   8.030000998848431   41.065915463908915
   8.040000998846102   41.020425951843073
   8.050000998843775   40.974986829392705
   8.060000998841446   40.929598040741112
   8.070000998839117   40.884259530132006
   8.080000998836789   40.838971241871434
   8.090000998834460   40.793733120327325
   8.100000998832133   40.748545109928422
   8.110000998829804   40.703407155166815
   8.120000998827475   40.658319200594548
   8.130000998825148   40.613281190824935
   8.140000998822819   40.568293070533123
   8.150000998820492   40.523354784456195
   8.160000998818163   40.478466277391888
   8.170000998815834   40.433627494197651
   8.180000998813506   40.388838379794208
   8.190000998811177   40.344098879162765
   8.200000998808850   40.299408937345682
   8.210000998806521   40.254768499444097
   8.220000998804192   40.210177510623190
   8.230000998801865   40.165635916106353
   8.240000998799536   40.121143661178287
   8.250000998797208   40.076700691185657
   8.260000998794879   40.032306951533883
   8.270000998792550   39.987962387689961
   8.280000998790223   39.943666945180752
   8.290000998787894   39.899420569592863
   8.300000998785567   39.855223206574841
   8.310000998783238   39.811074801834238
   8.320000998780909   39.766975301138075
   8.330000998778582   39.722924650316230
   8.340000998776253   39.678922795255644
   8.350000998773925   39.634969681903939
   8.360000998771596   39.591065256269772
   8.370000998769267   39.547209464420590
   8.380000998766940   39.503402252483284
   8.390000998764611   39.459643566645774
   8.400000998762284   39.415933353154678
   8.410000998759955   39.372271558315639
   8.420000998757626   39.328658128493956
   8.430000998755299   39.285093010115851
   8.440000998752970   39.241576149666528
   8.450000998750642   39.198107493687878
   8.460000998748313   39.154686988783475
   8.470000998745984   39.111314581615645
   8.480000998743657   39.067990218905230
   8.490000998741328   39.024713847433361
   8.500000998739001   38.981485414038687
   8.510000998736672   38.938304865617852
   8.520000998734343   38.895172149130133
   8.530000998732016   38.852087211589719
   8.540000998729687   38.809050000071672
   8.550000998727359   38.766060461708435
   8.560000998725030   38.723118543691776
   8.570000998722701   38.680224193271876
   8.580000998720374   38.637377357756833
   8.590000998718045   38.594577984512640
   8.600000998715718   38.551826020965578
   8.610000998713389   38.509121414599775
   8.620000998711060   38.466464112955194
   8.630000998708732   38.423854063631985
   8.640000998706403   38.381291214288687
   8.650000998704076   38.338775512639955
   8.660000998701747   38.296306906458938
   8.670000998699418   38.253885343577892
   8.680000998697091   38.211510771886424
   8.690000998694762   38.169183139330315
   8.700000998692435   38.126902393915259
   8.710000998690106   38.084668483703375
   8.720000998687777   38.042481356814690
   8.730000998685449   38.000340961424257
   8.740000998683120   37.958247245768355
   8.750000998680793   37.916200158139041
   8.760000998678464   37.874199646885174
   8.770000998676135   37.832245660413093
   8.780000998673808   37.790338147186695
   8.790000998671479   37.748477055726461
   8.800000998669152   37.706662334610506
   8.810000998666823   37.664893932473348
   8.820000998664494   37.623171798005991
   8.830000998662166   37.581495879957302
   8.840000998659837   37.539866127131759
   8.850000998657510   37.498282488392505
   8.860000998655181   37.456744912657214
   8.870000998652852   37.415253348901416
   8.880000998650525   37.373807746157844
   8.890000998648196   37.332408053512154
   8.900000998645869   37.291054220109977
   8.910000998643540   37.249746195151197
   8.920000998641211   37.208483927895088
   8.930000998638883   37.167267367653587
   8.940000998636554   37.126096463796486
   8.950000998634227   37.084971165749337
   8.960000998631898   37.043891422993525
   8.970000998629569   37.002857185066510
   8.980000998627242   36.961868401561688
   8.990000998624913   36.920925022128145
   9.000000998622586   36.880026996471166
   9.010000998620256   36.839174274351230
   9.020000998617927   36.798366805584578
   9.030000998615600   36.757604540043872
   9.040000998613271   36.716887427656189
   9.050000998610944   36.676215418404780
   9.060000998608615   36.635588462327974
   9.070000998606286   36.595006509519287
   9.080000998603959   36.554469510127660
   9.090000998601630   36.513977414356802
   9.100000998599302   36.473530172468173
   9.110000998596973   36.433127734774196
   9.120000998594644   36.392770051645215
   9.130000998592317   36.352457073505619
   9.140000998589988   36.312188750835048
   9.150000998587661   36.271965034167280
   9.160000998585332   36.231785874091983
   9.170000998583003   36.191651221251931
   9.180000998580676   36.151561026346755
   9.190000998578347   36.111515240128831
   9.200000998576019   36.071513813406000
   9.210000998573690   36.031556697040614
   9.220000998571361   35.991643841948658
   9.230000998569034   35.951775199101832
   9.240000998566705   35.911950719524889
   9.250000998564378   35.872170354296919
   9.260000998562049   35.832434054552621
   9.270000998559720   35.792741771478561
   9.280000998557393   35.753093456317409
   9.290000998555064   35.713489060365553
   9.300000998552736   35.673928534971779
   9.310000998550407   35.634411831539637
   9.320000998548078   35.594938901528423
   9.330000998545751   35.555509696447672
   9.340000998543422   35.516124167863723
   9.350000998541095   35.476782267394363
   9.360000998538766   35.437483946712256
   9.370000998536437   35.398229157542815
   9.380000998534110   35.359017851666103
   9.390000998531780   35.319849980914427
   9.400000998529453   35.280725497173997
   9.410000998527124   35.241644352383695
   9.420000998524795   35.202606498536340
   9.430000998522468   35.163611887677732
   9.440000998520139   35.124660471906545
   9.450000998517812   35.085752203375407
   9.460000998515483   35.046887034289227
   9.470000998513154   35.008064916905319
   9.480000998510826   34.969285803534675
   9.490000998508497   34.930549646540776
   9.500000998506170   34.891856398340160
   9.510000998503841   34.853206011402115
   9.520000998501512   34.814598438248112
   9.530000998499185   34.776033631452748
   9.540000998496856   34.737511543643443
   9.550000998494529   34.699032127498796
   9.560000998492200   34.660595335750465
   9.570000998489871   34.622201121182627
   9.580000998487543   34.583849436631859
   9.590000998485214   34.545540234986561
   9.600000998482887   34.507273469188732
   9.610000998480558   34.469049092230421
   9.620000998478229   34.430867057156675
   9.630000998475902   34.392727317064768
   9.640000998473573   34.354629825103643
   9.650000998471246   34.316574534473574
   9.660000998468917   34.278561398427996
   9.670000998466588   34.240590370271782
   9.680000998464260   34.202661403360253
   9.690000998461931   34.164774451102659
   9.700000998459604   34.126929466957534
   9.710000998457275   34.089126404436627
   9.720000998454946   34.051365217102017
   9.730000998452619   34.013645858568360
   9.740000998450290   33.975968282500411
   9.750000998447963   33.938332442615405
   9.760000998445634   33.900738292680906
   9.770000998443304   33.863185786516425
   9.780000998440977   33.825674877992085
   9.790000998438648   33.788205521029809
   9.800000998436321   33.750777669601739
   9.810000998433992   33.713391277732029
   9.820000998431663   33.676046299493926
   9.830000998429336   33.638742689013803
   9.840000998427007   33.601480400467189
   9.850000998424679   33.564259388081666
   9.860000998422350   33.527079606134194
   9.870000998420021   33.489941008953259
   9.880000998417694   33.452843550917549
   9.890000998415365   33.415787186456868
   9.900000998413038   33.378771870050201
   9.910000998410709   33.341797556228904
   9.920000998408380   33.304864199572663
   9.930000998406053   33.267971754713230
   9.940000998403724   33.231120176331480
   9.950000998401396   33.194309419158309
   9.960000998399067   33.157539437976062
   9.970000998396738   33.120810187615305
   9.980000998394411   33.084121622958520
   9.990000998392082   33.047473698937473
