   0.000001000000000  100.000000000000000
   0.010001000000002   99.484693438127238
   0.020000999999993  102.994018780466547
   0.030000999999984   96.651499949397021
   0.040000999999975  105.536547442802430
   0.050001000000007   94.516155066240117
   0.060001000000043  107.166850004099928
   0.070001000000079   93.465608300041609
   0.080001000000116  107.589496538968916
   0.090001000000152   93.690231033469445
   0.100001000000188  106.727898543391106
   0.110001000000225   95.149318995453754
   0.120001000000261  104.738187668995266
   0.130001000000298   97.578468352019058
   0.140001000000334  101.980922838480836
   0.150001000000370  100.537488778864557
   0.160001000000407   98.955752744361789
   0.170001000000331  103.490171105562894
   0.180001000000186   96.210873651809706
   0.190001000000040  105.901454699702995
   0.200000999999895   94.243689812503277
   0.210000999999749  107.334386722451171
   0.220000999999604   93.410677986449485
   0.230000999999458  107.529303102479673
   0.240000999999312   93.862789676428875
   0.250000999999167  106.450882708000378
   0.260000999999021   95.518096947091607
   0.270000999998876  104.294547949707763
   0.280000999998730   98.076638726750986
   0.290000999998585  101.451051950293305
   0.300000999998439  101.074777268021833
   0.310000999998294   98.435669500395704
   0.320000999998148  103.969214739822135
   0.330000999998003   95.794823229372227
   0.340000999997857  106.235445159864398
   0.350000999997712   94.007065422759396
   0.360000999997566  107.462801023968524
   0.370000999997421   93.396358741204580
   0.380000999997275  107.428871069362430
   0.390000999997130   94.073370390692162
   0.400000999996984  106.139803801355214
   0.410000999996839   95.915417928191985
   0.420000999996693  103.829193312142337
   0.430000999996548   98.588700757736589
   0.440000999996402  100.915749294414979
   0.450000999996257  101.608788709354684
   0.460000999996111   97.927421939273160
   0.470000999995966  104.428406461635845
   0.480000999995820   95.405731175915420
   0.490000999995675  106.536606242095274
   0.500000999995529   93.807636915813845
   0.510000999995384  107.551357549987117
   0.520000999995238   93.422732562811873
   0.530000999995092  107.288775559089984
   0.540000999994947   94.320767295369805
   0.550000999994801  105.796443202668726
   0.560000999994656   96.339006698210994
   0.570000999994510  103.344788588474799
   0.580000999994365   99.111722145032189
   0.590000999994219  100.378080257176052
   0.600000999994074  102.136465110615049
   0.610000999993928   97.433920517557027
   0.620000999993783  104.865116730488680
   0.630000999993637   95.045825609401376
   0.640000999993492  106.803213361146703
   0.650000999993346   93.646546309950395
   0.660000999993538  107.599549185592068
   0.670000999994120   93.489648422785166
   0.680000999994703  107.109818822239987
   0.690000999995285   94.603563683338109
   0.700000999995867  105.422767150809577
   0.710000999996449   96.786437595317025
   0.720000999997031  102.844107700344978
   0.730000999997613   99.642707830441282
   0.740000999998195   99.841123775885123
   0.750000999998777  102.654784756889939
   0.760000999999359   96.957991248712176
   0.770000999999941  105.276844744878204
   0.780001000000523   94.717167512697230
   0.790001000001105  107.033739803471519
   0.800001000001687   93.524716083198214
   0.810001000002269  107.607099963564593
   0.820001000002852   93.596723130487050
   0.830001000003434  106.893025646422430
   0.840001000004016   94.920140133928726
   0.850001000004598  105.020915484698818
   0.860001000005180   97.255148426810720
   0.870001000005762  102.330017774094529
   0.880001000006344  100.178617148565962
   0.890001000006926   99.307954707417167
   0.900001000007508  103.160779514272960
   0.910001000008090   96.502359520058661
   0.920001000008672  105.661232763040317
   0.930001000009254   94.421638931450531
   0.940001000009837  107.226865469878149
   0.950001000010419   93.442843890816263
   0.960001000011001  107.573966644723413
   0.970001000011583   93.743343527477933
   0.980001000012165  106.639637487913106
   0.990001000012747   95.268683786492730
   1.000001000013329  104.593189389639633
   1.010001000013911   97.742455141426746
   1.020001000014493  101.805462722322204
   1.030001000015075  100.716381239062002
   1.040001000015657   98.781626220210967
   1.050001000016239  103.651551826786701
   1.060001000016821   96.069634485976863
   1.070001000017404  106.016079604463656
   1.080001000017986   94.160932196655082
   1.090001000018568  107.381484435017342
   1.100001000019150   93.401398570194601
   1.110001000019732  107.500338965512370
   1.120001000020314   93.928669998714327
   1.130001000020896  106.351105362477441
   1.140001000021478   95.647198721641615
   1.150001000022060  104.142038219667512
   1.160001000022642   98.245567199406352
   1.170001000023224  101.273446385684522
   1.180001000023806  101.252920620301552
   1.190001000024388   98.265152310423801
   1.200001000024971  104.124291309095597
   1.210001000025553   95.662294126710407
   1.220001000026135  106.339353254840717
   1.230001000026717   93.936540233571108
   1.240001000027299  107.496711280405037
   1.250001000027881   93.400617456071060
   1.260001000028463  107.386638551485262
   1.270001000029045   94.151641280583902
   1.280001000029627  106.029081536219721
   1.290001000030209   96.053517390807684
   1.300001000030791  103.670045471456191
   1.310001000031373   98.761603552419842
   1.320001000031955  100.737015331551135
   1.330001000032537  101.785162823908081
   1.340001000033120   97.761490542421853
   1.350001000033701  104.576290840035000
   1.360001000034284   95.282671058304075
   1.370001000034866  106.629202502297488
   1.380001000035448   93.749748012575139
   1.390001000036030  107.571886164751390
   1.400001000036612   93.440505021462599
   1.410001000037194  107.233516502897032
   1.420001000037776   94.410980538173391
   1.430001000038358  105.675410063936212
   1.440001000038940   96.485313028593794
   1.450001000039522  103.179913990014001
   1.460001000040104   99.287609141744255
   1.470001000040686  100.199241407966952
   1.480001000041268  102.310059989091599
   1.490001000041851   97.273525112423741
   1.500001000042433  105.004962064838821
   1.510001000043015   94.932939175007263
   1.520001000043597  106.883967538301107
   1.530001000044179   93.601625190831669
   1.540001000044761  107.606578602501514
   1.550001000045343   93.520832852040257
   1.560001000045925  107.041849666200079
   1.570001000046507   94.705202677016899
   1.580001000047089  105.292116229250041
   1.590001000047671   96.940112976920005
   1.600001000048253  102.674450491009054
   1.610001000048836   99.820571820296735
   1.620001000049418   99.663204152876304
   1.630001000050000  102.824606316110376
   1.640001000050582   96.804050332297606
   1.650001000051164  105.407850217234312
   1.660001000051746   94.615101200563117
   1.670001000052328  107.102189462461610
   1.680001000052910   93.493019986956909
   1.690001000053492  107.600589928991681
   1.700001000054074   93.641140954137427
   1.710001000054656  106.812735612826984
   1.720001000055238   95.032622847408405
   1.730001000055821  104.881394946877634
   1.740001000056403   97.415312844545568
   1.750001000056985  102.156549488178797
   1.760001000057567  100.357439601508261
   1.770001000058149   99.131973159239180
   1.780001000058731  103.325855278792872
   1.790001000059313   96.355754628017749
   1.800001000059895  105.782648176516687
   1.810001000060477   94.330977219669535
   1.820001000061059  107.282618636833519
   1.830001000061641   93.424554323697905
   1.840001000062223  107.553954438077525
   1.850001000062805   93.800740388867752
   1.860001000063388  106.547486353981128
   1.870001000063970   95.391366092623599
   1.880001000064552  104.445598193568998
   1.890001000065134   97.908191421030651
   1.900001000065716  101.629176718078796
   1.910001000066298  100.895138136439655
   1.920001000066880   98.608590497199032
   1.930001000067462  103.810936497746752
   1.940001000068044   95.931205144563222
   1.950001000068626  106.127209679210551
   1.960001000069208   94.082194255396857
   1.970001000069790  107.424221841961895
   1.980001000070372   93.396620266572995
   1.990001000070954  107.466939185784710
   2.000001000071537   93.998717217327339
   2.010001000072119  106.247620827489172
   2.020001000072701   95.779378085774837
   2.030001000073283  103.987221539625310
   2.040001000073865   98.415926259608852
   2.050001000074447  101.095352156901868
   2.060001000075029  101.430588318868146
   2.070001000075611   98.096053293778468
   2.080001000076193  104.277072177418617
   2.090001000076775   95.532833045251223
   2.100001000077357  106.439561609534678
   2.110001000077939   93.870176952075767
   2.120001000078521  107.526188193518379
   2.130001000079103   93.409377778684060
   2.140001000079686  107.340042460997410
   2.150001000080268   94.233937734205568
   2.160001000080850  105.914856199661756
   2.170001000081432   96.194436893821816
   2.180001000082014  103.508889858122274
   2.190001000082596   98.935609839809857
   2.200001000083178  100.558132726739316
   2.210001000083760  101.960723917668659
   2.220001000084342   97.597296569982760
   2.230001000084924  104.721593013032077
   2.240001000085507   95.162919589807899
   2.250001000086089  106.717915298363266
   2.260001000086671   93.696139417166307
   2.270001000087253  107.587933785841216
   2.280001000087835   93.462753804726503
   2.290001000088417  107.173990932047587
   2.300001000088999   94.505054959907866
   2.310001000089581  105.551098032015446
   2.320001000090163   96.634165701369142
   2.330001000090745  103.013342293693483
   2.340001000091327   99.464266217233714
   2.350001000091909  100.020594790238889
   2.360001000092491  102.482509135426582
   2.370001000093073   97.115176433515117
   2.380001000093655  105.141953476220991
   2.390001000094238   94.823583070813584
   2.400001000094820  106.960676765940235
   2.410001000095402   93.561078268692597
   2.420001000095984  107.609105035590986
   2.430001000096566   93.556442689309208
   2.440001000097148  106.969735485464454
   2.450001000097730   94.810516353962271
   2.460001000098312  105.158429369157702
   2.470001000098894   97.096046421382979
   2.480001000099476  102.503416576937283
   2.490001000100059   99.998868065158774
   2.500001000100641   99.485816533955287
   2.510001000101223  102.992955992809911
   2.520001000101805   96.652453723419370
   2.530001000102386  105.535746391902279
   2.540001000102969   94.516766683423512
   2.550001000103551  107.166455849761235
   2.560001000104133   93.465766928186270
   2.570001000104715  107.589580706573031
   2.580001000105297   93.689907927295266
   2.590001000105879  106.728445780782181
   2.600001000106461   95.148572705583035
   2.610001000107043  104.739098810345169
   2.620001000107625   97.577434114918745
   2.630001000105715  101.982032774297394
   2.640001000103387  100.536354010412481
   2.650001000101059   98.956860341269817
   2.660001000098731  103.489141439096741
   2.670001000096403   96.211778200269407
   2.680001000094074  105.900716722846880
   2.690001000091746   94.244227397736935
   2.700001000089417  107.334074165258897
   2.710001000087089   93.410751191708101
   2.720001000084761  107.529472603968955
   2.730001000082432   93.862385236060589
   2.740001000080104  106.451503552518588
   2.750001000077776   95.517288150430971
   2.760001000075448  104.295507632951811
   2.770001000073119   98.075572137225691
   2.780001000070791  101.452176566411552
   2.790001000068463  101.073646164147803
   2.800001000066134   98.436755255769341
   2.810001000063806  103.968224090871246
   2.820001000061478   95.795673372407805
   2.830001000059149  106.234774483034641
   2.840001000056821   94.007525897572364
   2.850001000054493  107.462571853755406
   2.860001000052165   93.396346104364085
   2.870001000049836  107.429124934090055
   2.880001000047508   94.072886932137678
   2.890001000045180  106.140494697758569
   2.900001000042851   95.914551256275246
   2.910001000040523  103.830196041696809
   2.920001000038195   98.587607923564249
   2.930001000035866  100.916882150776829
   2.940001000033538  101.607667747277091
   2.950001000031210   97.928479635591742
   2.960001000028881  104.427460503116791
   2.970001000026553   95.406522045226595
   2.980001000024225  106.536006705897705
   2.990001000021897   93.808017643326906
   3.000001000019568  107.551213079093984
   3.010001000017240   93.422634156239610
   3.020001000014912  107.289112333315813
   3.030001000012583   94.320207587135542
   3.040001000010255  105.797200194577997
   3.050001000007927   96.338087114004423
   3.060001000005598  103.345828622264605
   3.070001000003270   99.110609324283004
   3.080001000000942  100.379214866536088
   3.090000999998614  102.135360709482512
   3.100000999996285   97.434944097977308
   3.110000999993957  104.864220879395617
   3.120000999991629   95.046552676114672
   3.130000999989300  106.802688398804506
   3.140000999986972   93.646845109947407
   3.150000999984644  107.599490241325668
   3.160000999982315   93.489464810005529
   3.170000999979987  107.110236577442635
   3.180000999977659   94.602930930569215
   3.190000999975330  105.423585903343962
   3.200000999973002   96.785470364772976
   3.210000999970674  102.845179082656358
   3.220000999968346   99.641581395627128
   3.230000999966017   99.842253640945472
   3.240000999963689  102.653703240990524
   3.250000999961361   96.958974851736443
   3.260000999959032  105.276004131250588
   3.270000999956704   94.717826613290470
   3.280000999954376  107.033292421149355
   3.290000999952047   93.524931244609050
   3.300000999949719  107.607126883462854
   3.310000999947391   93.596455362946983
   3.320000999945063  106.893521990343061
   3.330000999942734   94.919437960050303
   3.340000999940406  105.021791309305144
   3.350000999938078   97.254139088729360
   3.360000999935749  102.331114369705674
   3.370000999933421  100.177483550164723
   3.380000999931092   99.309073358058725
   3.390000999928764  103.159727076862282
   3.400000999926436   96.503297513127350
   3.410000999924108  105.660452200612610
   3.420000999921780   94.422226291614223
   3.430000999919451  107.226498229489664
   3.440000999917123   93.442974181529806
   3.450000999914795  107.574079274631288
   3.460000999912466   93.742993138533137
   3.470000999910138  106.640209578256801
   3.480000999907809   95.267916212471064
   3.490000999905481  104.594117270945446
   3.500000999903153   97.741409475734386
   3.510000999900825  101.806578251628125
   3.520000999898496  100.715246968570980
   3.530000999896168   98.782727250530471
   3.540000999893840  103.650534494600279
   3.550000999891512   96.070521497717323
   3.560000999889183  106.015363563089821
   3.570000999886855   94.161444452893917
   3.580000999884526  107.381199439542115
   3.590000999882198   93.401443244100577
   3.600000999879870  107.500536660452667
   3.610000999877542   93.928238994847774
   3.620000999875213  106.351749923193267
   3.630000999872885   95.646370142953259
   3.640000999870557  104.143012844204463
   3.650000999868229   98.244491194058398
   3.660000999865900  101.274574460652104
   3.670000999863572  101.251792173069049
   3.680000999861243   98.266229415421250
   3.690000999858915  104.123314907837823
   3.700000999856587   95.663125077690324
   3.710000999854258  106.338705834902456
   3.720000999851930   93.936974452479745
   3.730000999849602  107.496510161865331
   3.740000999847274   93.400576257352895
   3.750000999844946  107.386920179377441
   3.760000999842617   94.151132129928371
   3.770000999840289  106.029794876266578
   3.780000999837960   96.052632552275369
   3.790000999835632  103.671061258085743
   3.800000999833304   98.760503369121707
   3.810000999830975  100.738149492321440
   3.820000999828647  101.784046661944103
   3.830000999826319   97.762537554109656
   3.840000999823991  104.575360961031350
   3.850000999821662   95.283441190126922
   3.860000999819334  106.628627411220748
   3.870000999817006   93.750101707620416
   3.880000999814677  107.571770074844849
   3.890000999812349   93.440378186045621
   3.900000999810021  107.233880451011174
   3.910000999807692   94.410396156355418
   3.920000999805364  105.676188098409966
   3.930000999803036   96.484376997209040
   3.940000999800708  103.180965121882650
   3.950000999798379   99.286491080643657
   3.960000999796051  100.200375159817426
   3.970000999793723  102.308962504047344
   3.980000999791394   97.274536035138482
   3.990000999789066  105.004084032997355
   4.000000999786738   94.933644077547967
   4.010000999784410  106.883468069320514
   4.020000999782081   93.601896336596354
   4.030000999779753  107.606548206011539
   4.040000999777424   93.520621106239219
   4.050000999775096  107.042293850402132
   4.060000999772768   94.704546410470456
   4.070000999770439  105.292954502761376
   4.080000999768111   96.939131112814763
   4.090000999765783  102.675530948846870
   4.100000999763455   99.819442283912721
   4.110000999761127   99.664331003420585
   4.120000999758798  102.823533792672876
   4.130000999756470   96.805019377027747
   4.140000999754141  105.407029060556169
   4.150000999751813   94.615736837218833
   4.160000999749485  107.101768475752024
   4.170000999747156   93.493207030727291
   4.180000999744828  107.600645399974667
   4.190000999742500   93.640845510499702
   4.200000999740172  106.813257489509454
   4.210000999737844   95.031898454210904
   4.220000999735515  104.882288659088843
   4.230000999733186   97.414290770322268
   4.240000999730858  102.157653084795200
   4.250000999728530  100.356305058080380
   4.260000999726202   99.133086655621682
   4.270000999723873  103.324813858724653
   4.280000999721545   96.356676245576381
   4.290000999719217  105.781888597322748
   4.300000999716889   94.331539950502162
   4.310000999714561  107.282278543163542
   4.320000999712232   93.424656194382720
   4.330000999709903  107.554095458886252
   4.340000999707575   93.800362939243414
   4.350000999705247  106.548082934646274
   4.360000999702919   95.390577720980971
   4.370000999700590  104.446542226682311
   4.380000999698262   97.907134989549917
   4.390000999695934  101.630297133780303
   4.400000999693606  100.894005082883780
   4.410000999691277   98.609684263036897
   4.420000999688948  103.809932144690976
   4.430000999686620   95.932074057347606
   4.440000999684292  106.126516027196047
   4.450000999681964   94.082680857950606
   4.460000999679636  107.423964588858723
   4.470000999677307   93.396636380812723
   4.480000999674979  107.467164948870646
   4.490000999672651   93.998259923163374
   4.500000999670323  106.248288695847506
   4.510000999667994   95.778530250265121
   4.520000999665665  103.988210487680405
   4.530000999663337   98.414841520482923
   4.540000999661009  101.096482975682932
   4.550000999658681  101.429463243565124
   4.560000999656353   98.097121065673448
   4.570000999654024  104.276110642765104
   4.580000999651696   95.533644277481130
   4.590000999649368  106.438937856873906
   4.600000999647039   93.870584639852694
   4.610000999644711  107.526015254142322
   4.620000999642382   93.409308044209808
   4.630000999640054  107.340351673544362
   4.640000999637726   94.233403214180839
   4.650000999635398  105.915591531195446
   4.660000999633070   96.193534449537097
   4.670000999630742  103.509918057953456
   4.680000999628413   98.934503004744400
   4.690000999626085  100.559267473014586
   4.700000999623756  101.959613263306153
   4.710000999621428   97.598332233379296
   4.720000999619100  104.720679802953001
   4.730000999616771   95.163668495984354
   4.740000999614443  106.717365016932519
   4.750000999612115   93.696465855546634
   4.760000999609787  107.587846150502585
   4.770000999607459   93.462598620854919
   4.780000999605130  107.174381823351681
   4.790000999602801   94.504446274918081
   4.800000999600473  105.551896615874838
   4.810000999598145   96.633213816109517
   4.820000999595817  103.014403857356314
   4.830000999593488   99.463143624466682
   4.840000999591160  100.021726965931222
   4.850000999588832  102.481419262115026
   4.860000999586504   97.116174057736998
   4.870000999584176  105.141093820179449
   4.880000999581847   94.824265362368436
   4.890000999579518  106.960203106913582
   4.900000999577190   93.561321588354275
   4.910000999574862  107.609103206144425
   4.920000999572534   93.556202944704921
   4.930000999570205  106.970205817113580
   4.940000999567877   94.809836989621090
   4.950000999565549  105.159286632296926
   4.960000999563221   97.095050546083229
   4.970000999560892  102.504505425441749
   4.980000999558563   99.997736143176269
   4.990000999556235   99.486939655719240
   5.000000999553907  102.991893141668584
   5.010000999551579   96.653407595623506
   5.020000999549251  105.534945212681379
   5.030000999546922   94.517378453244447
   5.040000999544594  107.166061525522082
   5.050000999542266   93.465925735764699
   5.060000999539938  107.589664693487236
   5.070000999537609   93.689584994836196
   5.080000999535280  106.728992859434882
   5.090000999532952   95.147826552232047
   5.100000999530624  104.740009843675807
   5.110000999528296   97.576399952406206
   5.120000999525968  101.983142672390770
   5.130000999523639  100.535219241097636
   5.140000999521311   98.957967977588524
   5.150000999518983  103.488111696478157
   5.160000999516654   96.212682858135025
   5.170000999514326  105.899978608350537
   5.180000999511997   94.244765142541155
   5.190000999509669  107.333761433876290
   5.200000999507341   93.410824577792056
   5.210000999505013  107.529641926290964
   5.220000999502685   93.861980965005401
   5.230000999500356  106.452124245355662
   5.240000999498028   95.516479480886204
   5.250000999495700  104.296467219487653
   5.260000999493371   98.074505609584847
   5.270000999491043  101.453301158320045
   5.280000999488714  101.072515045716898
   5.290000999486386   98.437841063823313
   5.300000999484058  103.967233353562037
   5.310000999481730   95.796523635460986
   5.320000999479402  106.234103660051531
   5.330000999477073   94.007986537998477
   5.340000999474745  107.462342506081100
   5.350000999472416   93.396333648719235
   5.360000999470088  107.429378622212766
   5.370000999467760   94.072403637529959
   5.380000999465431  106.141185450413758
   5.390000999463103   95.913684701347918
   5.400000999460775  103.831198686409152
   5.410000999458447   98.586515138219951
   5.420000999456119  100.918014996575849
   5.430000999453790  101.606546757025200
   5.440000999451462   97.929537397546994
   5.450000999449133  104.426514444525466
   5.460000999446805   95.407313044475998
   5.470000999444477  106.535407015865573
   5.480000999442148   93.808398541539702
   5.490000999439820  107.551068428481017
   5.500000999437492   93.422535930195210
   5.510000999435164  107.289448934506311
   5.520000999432836   94.319648036542446
   5.530000999430507  105.797957051489533
   5.540000999428178   96.337167635980975
   5.550000999425850  103.346868583555633
   5.560000999423522   99.109496539023155
   5.570000999421194  100.380349479036028
   5.580000999418865  102.134256266710949
   5.590000999416537   97.435967756606971
   5.600000999414209  104.863324917080973
   5.610000999411881   95.047279881935708
   5.620000999409553  106.802163275815644
   5.630000999407224   93.647144084743701
   5.640000999404895  107.599431116099964
   5.650000999402567   93.489281376039798
   5.660000999400239  107.110654164160280
   5.670000999397911   94.602298328222460
   5.680000999395582  105.424404530398746
   5.690000999393254   96.784503229001970
   5.700000999390926  102.846250405233292
   5.710000999388598   99.640454982763373
   5.720000999386269   99.843383522838408
   5.730000999383940  102.652621670239299
   5.740000999381612   96.959958545105039
   5.750000999379284  105.275163395900123
   5.760000999376956   94.718485861372471
   5.770000999374628  107.032844872299052
   5.780000999372299   93.525146583925661
   5.790000999369971  107.607153622201679
   5.800000999367643   93.596187771486953
   5.810000999365315  106.894018171298200
   5.820000999362986   94.918735928521272
   5.830000999360657  105.022667018672010
   5.840000999358329   97.253129833467597
   5.850000999356001  102.332210918684964
   5.860000999353673  100.176349960045002
   5.870000999351345   99.310192039124303
   5.880000999349016  103.158674571693609
   5.890000999346688   96.504235608161366
   5.900000999344360  105.659671506661994
   5.910000999342031   94.422813806802367
   5.920000999339703  107.226130817642712
   5.930000999337374   93.443104652234226
   5.940000999335046  107.574191724219162
   5.950000999332718   93.742642921931150
   5.960000999330390  106.640781512094833
   5.970000999328062   95.267148771911423
   5.980000999325733  104.595045047916344
   5.990000999323405   97.740363880434870
   6.000000999321077  101.807693747669688
   6.010000999318748  100.714112692647532
   6.020000999316420   98.783828324694426
   6.030000999314091  103.649517082140179
   6.040000999311763   96.071408622459757
   6.050000999309435  106.014647381149246
   6.060000999307107   94.161956870813384
   6.070000999304779  107.380914268673195
   6.080000999302450   93.401488099062632
   6.090000999300122  107.500734176956612
   6.100000999297793   93.927808158607306
   6.110000999295465  106.352394334762849
   6.120000999293137   95.645541688081266
   6.130000999290808  104.143987375910186
   6.140000999288480   98.243415246281884
   6.150000999286152  101.275702515930021
   6.160000999283824  101.250663706728758
   6.170000999281496   98.267306577433175
   6.180000999279167  104.122338414250962
   6.190000999276839   95.663956152057892
   6.200000999274510  106.338058266147030
   6.210000999272182   93.937408838786794
   6.220000999269854  107.496308864982879
   6.230000999267525   93.400535239707779
   6.240000999265197  107.387201631718909
   6.250000999262869   94.150623141204051
   6.260000999260541  106.030508075366271
   6.270000999258213   96.051747827191207
   6.280000999255884  103.672076963904473
   6.290000999253555   98.759403230222929
   6.300000999251227  100.739283647063687
   6.310000999248899  101.782930467286675
   6.320000999246571   97.763584635644278
   6.330000999244242  104.574430978160905
   6.340000999241914   95.284211455008105
   6.350000999239586  106.628052163928473
   6.360000999237258   93.750455574820677
   6.370000999234930  107.571653804669950
   6.380000999232601   93.440251530677855
   6.390000999230272  107.234244227468992
   6.400000999227944   94.409811929851685
   6.410000999225616  105.676966000937938
   6.420000999223288   96.483441068253001
   6.430000999220959  103.182016185429561
   6.440000999218631   99.285373050526019
   6.450000999216303  100.201508919347958
   6.460000999213975  102.307864972917059
   6.470000999211647   97.275547040135677
   6.480000999209317  105.003205886351694
   6.490000999206989   94.934349122056375
   6.500000999204661  106.882968437613982
   6.510000999202333   93.602167658287328
   6.520000999200005  107.606517628360251
   6.530000999197676   93.520409538439367
   6.540000999195348  107.042737867828549
   6.550000999193020   94.703890291736656
   6.560000999190692  105.293792654102845
   6.570000999188363   96.938149339547010
   6.580000999186034  102.676611351255502
   6.590000999183706   99.818312764924315
   6.600000999181378   99.665457875316051
   6.610000999179050  102.822461210034277
   6.620000999176722   96.805988516015660
   6.630000999174393  105.406207778805594
   6.640000999172065   94.616372623956138
   6.650000999169737  107.101347320757839
   6.660000999167409   93.493394253201018
   6.670000999165080  107.600700689952134
   6.680000999162751   93.640550241803069
   6.690000999160423  106.813779205264069
   6.700000999158095   95.031174200484642
   6.710000999155767  104.883182259609981
   6.720000999153439   97.413268774824161
   6.730000999151110  102.158756639192731
   6.740000999148782  100.355170518366265
   6.750000999146454   99.134200186903968
   6.760000999144125  103.323772366672543
   6.770000999141797   96.357597968825061
   6.780000999139468  105.781128883497843
   6.790000999137140   94.332102838662664
   6.800000999134812  107.281938276606311
   6.810000999132484   93.424758245521033
   6.820000999130156  107.554236299878880
   6.830000999127828   93.799985660492581
   6.840000999125499  106.548679361147535
   6.850000999123171   95.389789479670256
   6.860000999120842  104.447486159219011
   6.870000999118514   97.906078624232038
   6.880000999116186  101.631417520710727
   6.890000999113857  100.892872019326944
   6.900000999111529   98.610778077117686
   6.910000999109201  103.808927707285378
   6.920000999106873   95.932943086650297
   6.930000999104545  106.125822231762172
   6.940000999102216   94.083167624175843
   6.950000999099887  107.423707159251407
   6.960000999097559   93.396652676214700
   6.970000999095231  107.467390534348993
   6.980000999092903   93.997802794820529
   6.990000999090574  106.248956417673384
   7.000000999088246   95.777682535181725
   7.010000999085918  103.989199346833487
   7.020000999083590   98.413756834560047
   7.030000999081262  101.097613779290270
   7.040000999078933  101.428338144594207
   7.050000999076604   98.098188898866411
   7.060000999074276  104.275149011855305
   7.070000999071948   95.534455636369245
   7.080000999069620  106.438313952809523
   7.090000999067291   93.870992496694953
   7.100000999064963  107.525842135642463
   7.110000999062635   93.409238490560057
   7.120000999060307  107.340660711704558
   7.130000999057978   94.232868853971823
   7.140000999055649  105.916326724675713
   7.150000999053321   96.192632115094426
   7.160000999050993  103.510946181074800
   7.170000999048665   98.933396209633187
   7.180000999046337  100.560402217813831
   7.190000999044008  101.958502571761471
   7.200000999041680   97.599367970800955
   7.210000999039352  104.719766485294159
   7.220000999037024   95.164417538265226
   7.230000999034695  106.716814577014432
   7.240000999032366   93.696792467446187
   7.250000999030038  107.587758334479346
   7.260000999027710   93.462443616461627
   7.270000999025382  107.174772544511598
   7.280000999023054   94.503837742840830
   7.290000999020725  105.552695070961505
   7.300000999018397   96.632262029484139
   7.310000999016069  103.015465356945882
   7.320000999013740   99.462021058176077
   7.330000999011412  100.022859153856430
   7.340000999009083  102.480329338318242
   7.350000999006755   97.117171768273835
   7.360000999004427  105.140234045829999
   7.370000999002099   94.824947798671559
   7.380000998999771  106.959729283194207
   7.390000998997442   93.561565084967469
   7.400000998995114  107.609101195456759
   7.410000998992786   93.555963377180234
   7.420000998990457  106.970675983813663
   7.430000998988129   94.809157770395970
   7.440000998985800  105.160143776663844
   7.450000998983472   97.094054757634936
   7.460000998981144  102.505594222867998
   7.470000998978816   99.996604234028396
   7.480000998976488   99.488062803346352
   7.490000998974159  102.990830227016403
   7.500000998971831   96.654361565934551
   7.510000998969502  105.534143905105523
   7.520000998967174   94.517990375637623
   7.530000998964846  107.165667031338103
   7.540000998962517   93.466084722725768
   7.550000998960189  107.589748499657020
   7.560000998957861   93.689262236059960
   7.570000998955533  106.729539779293816
   7.580000998953205   95.147080535384205
   7.590000998950876  104.740920768930266
   7.600000998948548   97.575365864472474
   7.610000998946219  101.984252532706151
   7.620000998943891  100.534084470922465
   7.630000998941563   98.959075653264591
   7.640000998939234  103.487081877704526
   7.650000998936906   96.213587625353966
   7.660000998934578  105.899240356200778
   7.670000998932250   94.245303046876799
   7.680000998929922  107.333448528282048
   7.690000998927593   93.410898144669673
   7.700000998925264  107.529811069404929
   7.710000998922936   93.861576863237218
   7.720000998920608  106.452744786458311
   7.730000998918280   95.515670938442881
   7.740000998915951  104.297426709252932
   7.750000998913623   98.073439143822654
   7.760000998911295  101.454425725956540
   7.770000998908967  101.071383912719156
   7.780000998906639   98.438926924489451
   7.790000998904310  103.966242527875934
   7.800000998901981   95.797374018477640
   7.810000998899653  106.233432690891703
   7.820000998897325   94.008447343990724
   7.830000998894997  107.462112980915123
   7.840000998892668   93.396321374234105
   7.850000998890340  107.429632133679476
   7.860000998888012   94.071920506842105
   7.870000998885684  106.141876059263339
   7.880000998883355   95.912818263392921
   7.890000998881026  103.832201246217053
   7.900000998878698   98.585422401699446
   7.910000998876370  100.919147831749825
   7.920000998874042  101.605425738589517
   7.930000998871714   97.930595225073205
   7.940000998869385  104.425568285841564
   7.950000998867057   95.408104173605992
   7.960000998864729  106.534807171966492
   7.970000998862401   93.808779610398844
   7.980000998860072  107.550923598100781
   7.990000998857743   93.422437884634576
   8.000000998855416  107.289785362599588
   8.010000998853087   94.319088643556498
   8.020000998850758  105.798713773338321
   8.030000998848431   96.336248264129040
   8.040000998846102  103.347908472286051
   8.050000998843775   99.108383789246318
   8.060000998841446  100.381484094619182
   8.070000998839117  102.133151782295798
   8.080000998836789   97.436991493393876
   8.090000998834460  104.862428843538737
   8.100000998832133   95.048007226819294
   8.110000998829804  106.801637992161389
   8.120000998827475   93.647443234303452
   8.130000998825148  107.599371809879727
   8.140000998822819   93.489098120860746
   8.150000998820492  107.111071582349609
   8.160000998818163   94.601665876285239
   8.170000998815834  105.425223031923181
   8.180000998813506   96.783536187999403
   8.190000998811177  102.847321668018864
   8.200000998808850   99.639328591846663
   8.210000998806521   99.844513421508950
   8.220000998804192  102.651540044635183
   8.230000998801865   96.960942328779169
   8.240000998799536  105.274322538832237
   8.250000998797208   94.719145256908774
   8.260000998794879  107.032397156911102
   8.270000998792550   93.525362101125324
   8.280000998790223  107.607180179763773
   8.290000998787894   93.595920356099981
   8.300000998785567  106.894514189260605
   8.310000998783238   94.918034039343411
   8.320000998780909  105.023542612763805
   8.330000998778582   97.252120661034368
   8.340000998776253  102.333307420989399
   8.350000998773925  100.175216378219190
   8.360000998771596   99.311310750571195
   8.370000998769267  103.157621998775284
   8.380000998766940   96.505173805121231
   8.390000998764611  105.658890681190087
   8.400000998762284   94.423401476989810
   8.410000998759955  107.225763234337705
   8.420000998757626   93.443235302919987
   8.430000998755299  107.574303993475141
   8.440000998752970   93.742292877672057
   8.450000998750642  106.641353289400158
   8.460000998748313   95.266381464825969
   8.470000998745984  104.595972720522312
   8.480000998743657   97.739318355549187
   8.490000998741328  101.808809210423760
   8.500000998739001  100.712978411318034
   8.510000998736672   98.784929442667789
   8.520000998734343  103.648499589423821
   8.530000998732016   96.072295860170797
   8.540000998729687  106.013931058642811
   8.550000998727359   94.162469450387931
   8.560000998725030  107.380628922401883
   8.570000998722701   93.401533135072015
   8.580000998720374  107.500931515006670
   8.590000998718045   93.927377489993148
   8.600000998715718  106.353038597161543
   8.610000998713389   95.644713357038086
   8.620000998711060  104.144961814755376
   8.630000998708732   98.242339356093154
   8.640000998706403  101.276830551479932
   8.650000998704076  101.249535221297961
   8.660000998701747   98.268383796425383
   8.670000998699418  104.121361828355191
   8.680000998697091   95.664787349785243
   8.690000998694762  106.337410548587428
   8.700000998692435   93.937843392476850
   8.710000998690106  107.496107389763125
   8.720000998687777   93.400494403136520
   8.730000998685449  107.387482908506897
   8.740000998683120   94.150114314430652
   8.750000998680793  106.031221133505781
   8.760000998678464   96.050863215584499
   8.770000998676135  103.673092588904609
   8.780000998673808   98.758303135766752
   8.790000998671479  100.740417795768920
   8.800000998669152  101.781814239981415
   8.810000998666823   97.764631787016569
   8.820000998664494  104.573500891466296
   8.830000998662166   95.284981852943275
   8.840000998659837  106.627476760444324
   8.850000998657510   93.750809614182288
   8.860000998655181  107.571537354246630
   8.870000998652852   93.440125055380975
   8.880000998650525  107.234607832283672
   8.890000998648196   94.409227858701811
   8.900000998645869  105.677743771536697
   8.910000998643540   96.482505241778412
   8.920000998641211  103.183067180658369
   8.930000998638883   99.284255051444291
   8.940000998636554  100.202642686554867
   8.950000998634227  102.306767395756552
   8.960000998631898   97.276558127415910
   8.970000998629569  105.002327624950880
   8.980000998627242   94.935054308546341
   8.990000998624913  106.882468643226730
   9.000000998622586   93.602439155925154
   9.010000998620256  107.606486869576273
   9.020000998617927   93.520198148669508
   9.030000998615600  107.043181718499369
   9.040000998613271   94.703234320858073
   9.050000998610944  105.294630683279635
   9.060000998608615   96.937167657162902
   9.070000998606286  102.677691698229680
   9.080000998603959   99.817183263383228
   9.090000998601630   99.666584768556987
   9.100000998599302  102.821388568245013
   9.110000998596973   96.806957749257265
   9.120000998594644  105.405386372019692
   9.130000998592317   94.617008560778004
   9.140000998589988  107.100925997512235
   9.150000998587661   93.493581654396280
   9.160000998585332  107.600755798944874
   9.170000998583003   93.640255148071844
   9.180000998580676  106.814300760098305
   9.190000998578347   95.030450086267251
   9.200000998576019  104.884075748432792
   9.210000998573690   97.412246858095045
   9.220000998571361  102.159860151359240
   9.230000998569034  100.354035982407581
   9.240000998566705   99.135313753077853
   9.250000998564378  103.322730802690671
   9.260000998562049   96.358519797760749
   9.270000998559720  105.780369035080142
   9.280000998557393   94.332665884154139
   9.290000998555064  107.281597837190475
   9.300000998552736   93.424860477125804
   9.310000998550407  107.554376961070517
   9.320000998548078   93.799608552640763
   9.330000998545751  106.549275633482225
   9.340000998543422   95.389001368715142
   9.350000998541095  104.448429991162442
   9.360000998538766   97.905022325111730
   9.370000998536437  101.632537878851920
   9.380000998534110  100.891738945815362
   9.390000998531780   98.611871939434309
   9.400000998529453  103.807923185576087
   9.410000998527124   95.933812232469975
   9.420000998524795  106.125128292953065
   9.430000998522468   94.083654554087573
   9.440000998520139  107.423449553180831
   9.450000998517812   93.396669152810659
   9.460000998515483  107.467615942252252
   9.470000998513154   93.997345832343569
   9.480000998510826  106.249623992993889
   9.490000998508497   95.776834940586227
   9.500000998506170  103.990188117100672
   9.510000998503841   98.412672201915726
   9.520000998501512  101.098744567742216
   9.530000998499185  101.427213022038529
   9.540000998496856   98.099256793385422
   9.550000998494529  104.274187284776971
   9.560000998492200   95.535267121953794
   9.570000998489871  106.437689897421592
   9.580000998487543   93.871400522648258
   9.590000998485214  107.525668838089132
   9.600000998482887   93.409169117794562
   9.610000998480558  107.340969575532370
   9.620000998478229   94.232334653643761
   9.630000998475902  105.917061780134773
   9.640000998473573   96.191729890559387
   9.650000998471246  103.511974227504780
   9.660000998468917   98.932289454548041
   9.670000998466588  100.561536961153593
   9.680000998464260  101.957391843111438
   9.690000998461931   97.600403782260400
   9.700000998459604  104.718853060120921
   9.710000998457275   95.165166716668338
   9.720000998454946  106.716263978659114
   9.730000998452619   93.697119252887049
   9.740000998450290  107.587670337816078
   9.750000998447963   93.462288791590083
   9.760000998445634  107.175163095562269
   9.770000998443304   94.503229363730028
   9.780000998440977  105.553493397296606
   9.790000998438648   96.631310341559413
   9.800000998436321  103.016526792480420
   9.810000998433992   99.460898518436792
   9.820000998431663  100.023991354031835
   9.830000998429336  102.479239364113553
   9.840000998427007   97.118169565149756
   9.850000998424679  105.139374153252746
   9.860000998422350   94.825630379762359
   9.870000998420021  106.959255294853477
   9.880000998417694   93.561808758577769
   9.890000998415365  107.609099003590671
   9.900000998413038   93.555723986797958
   9.910000998410709  106.971145985615664
   9.920000998408380   94.808478696361234
   9.930000998406053  105.161000802292946
   9.940000998403724   97.093059056112253
   9.950000998401396  102.506682969237374
   9.960000998399067   99.995472337798986
   9.970000998396738   99.489185976855140
   9.980000998394411  102.989767248935692
   9.990000998392082   96.655315634380571
