   0.100000000000000  100.000000000000000
   0.200000000000000  102.000000000000000
   0.300000000000000  103.880800000000022
   0.400000000000000  105.492688319999999
   0.500000000000000  106.707358649727993
   0.600000000000000  107.428123230937629
   0.700000000000000  107.597609202964648
   0.800000000000000  107.202325482435668
   0.900000000000000  106.273736653504812
   1.000000000000000  104.885758386954947
   1.100000000000000  103.148873752803496
   1.200000000000000  101.201338767928874
   1.300000000000000   99.198177217127096
   1.400000000000000   97.298840759842022
   1.500000000000000   95.654516578073526
   1.600000000000000   94.396092876690346
   1.700000000000000   93.623740182322635
   1.800000000000000   93.398937769442028
   1.900000000000001   93.739579910113832
   2.000000000000000   94.618551489940572
   2.100000000000001   95.965886371168040
   2.200000000000001   97.674336697250524
   2.300000000000001   99.607909822231875
   2.400000000000001  101.612693325363537
   2.500000000000001  103.529106439796280
   2.600000000000001  105.204602681621253
   2.700000000000001  106.505812549989130
   2.800000000000001  107.329159739377900
   2.900000000000001  107.609105813512173
   3.000000000000001  107.323367064890888
   3.100000000000001  106.494688297904275
   3.200000000000002  105.189032342404474
   3.300000000000002  103.510329412449295
   3.400000000000002  101.592204261263106
   3.500000000000002   99.587339650880409
   3.600000000000002   97.655322804287607
   3.700000000000002   95.949942262473542
   3.800000000000002   94.606946316566550
   3.900000000000002   93.733237443860858
   4.000000000000002   93.398362870623856
   4.100000000000001   93.628978612885192
   4.200000000000001   94.406727657560836
   4.300000000000001   95.669701180694659
   4.400000000000000   97.317366489845199
   4.500000000000000   99.218569426404031
   4.600000000000000  101.221974236621080
   4.699999999999999  103.168109897603131
   4.799999999999999  104.902064010735955
   4.899999999999999  106.285813828614209
   4.999999999999998  107.209212865734784
   5.099999999999998  107.598758558742844
   5.199999999999998  107.423443070474974
   5.299999999999997  106.697221513797274
   5.399999999999997  105.477901124621340
   5.499999999999996  103.862539805925536
   5.599999999999996  101.979720318678062
   5.699999999999996   99.979315094063807
   5.799999999999995   98.020556387962074
   5.899999999999995   96.259361393378569
   5.999999999999995   94.835921231882111
   6.099999999999994   93.863541740327861
   6.199999999999994   93.419624326243479
   6.299999999999994   93.539504815790139
   6.399999999999993   94.213640721999894
   6.499999999999993   95.388370826738452
   6.599999999999993   96.970186613668645
   6.699999999999992   98.833175546150812
   6.799999999999992  100.829043705159350
   6.899999999999991  102.798919985237234
   6.999999999999991  104.586002234490209
   7.099999999999991  106.048038705877786
   7.199999999999990  107.068651296277480
   7.299999999999990  107.566599243493471
   7.399999999999990  107.502245890927412
   7.499999999999989  106.880713765443502
   7.599999999999989  105.751476824230281
   7.699999999999989  104.204422327808359
   7.799999999999988  102.362695814092902
   7.899999999999988  100.372898713575623
   7.999999999999988   98.393418875457712
   8.099999999999987   96.581822894853389
   8.199999999999987   95.082313811818722
   8.299999999999986   94.014252549363277
   8.399999999999986   93.462656783978559
   8.499999999999986   93.471433538589110
   8.599999999999985   94.039884183527988
   8.699999999999985   95.122760047458002
   8.799999999999985   96.633864211610387
   8.899999999999984   98.452912784518603
   8.999999999999984  100.435109499779088
   9.099999999999984  102.422671498857213
   9.199999999999983  104.257388846626270
   9.299999999999983  105.793218042203861
   9.399999999999983  106.907907081622056
   9.499999999999982  107.512726717343128
   9.599999999999982  107.559533306363690
   9.699999999999982  107.044601044197691
   9.799999999999981  106.008918538913562
   9.899999999999981  104.534926117931917
   9.999999999999980  102.739953577962865
  10.099999999999980  100.766880733187989
  10.199999999999980   98.772764182051361
  10.299999999999979   96.916335602023437
  10.399999999999979   95.345366708074451
  10.499999999999979   94.184906624162736
  10.599999999999978   93.527327972967669
  10.699999999999978   93.424974015124377
  10.799999999999978   93.885992125677191
  10.899999999999977   94.873685263026104
  10.999999999999977   96.309433053438127
  11.099999999999977   98.078949972796480
  11.199999999999976  100.041382474320230
  11.299999999999976  102.040520930888093
  11.399999999999975  103.917233921357251
  11.499999999999975  105.522135091686408
  11.599999999999975  106.727474308717319
  11.699999999999974  107.437306570774325
  11.799999999999974  107.595129229797706
  11.899999999999974  107.188379602129174
  11.999999999999973  106.249434958131161
  12.099999999999973  104.853035291465929
  12.199999999999973  103.110334015600003
  12.299999999999972  101.160050152092310
  12.399999999999972   99.157426296478064
  12.499999999999972   97.261871307664180
  12.599999999999971   95.624271362760226
  12.699999999999971   94.374979417380558
  12.799999999999971   93.613439110377413
  12.899999999999970   93.400269050188200
  12.999999999999970   93.752437573604041
  13.099999999999969   94.641912066160970
  13.199999999999969   95.997890358251496
  13.299999999999969   97.712436577825187
  13.399999999999968   99.649072845804028
  13.499999999999968  101.653642915256853
  13.599999999999968  103.566583008655229
  13.699999999999967  105.235623094564673
  13.799999999999967  106.527907582146739
  13.899999999999967  107.340570626189944
  13.999999999999966  107.608924248388419
  14.099999999999966  107.311607500415192
  14.199999999999966  106.472286795408905
  14.299999999999965  105.157772061488075
  14.399999999999965  103.472698671472784
  14.499999999999964  101.551198467208280
  14.599999999999964   99.546222864953990
  14.699999999999964   97.617367922649365
  14.799999999999963   95.918170493701837
  14.899999999999963   94.583886693455668
  14.999999999999963   93.720725512410425
  15.099999999999962   93.397394580577327
  15.199999999999962   93.639631040130240
  15.299999999999962   94.428152868888816
  15.399999999999961   95.700193729283839
  15.499999999999961   97.354499168827886
  15.599999999999961   99.259386474533216
  15.699999999999960  101.263226616865694
  15.799999999999960  103.206513920495695
  15.899999999999959  104.934562716054216
  15.999999999999959  106.309820319414825
  16.099999999999959  107.222816225350016
  16.199999999999960  107.600875959747356
  16.299999999999962  107.413905967748804
  16.399999999999963  106.676789060717482
  16.499999999999964  105.448199744453007
  16.599999999999966  103.825933728530089
  16.699999999999967  101.939123387816181
  16.799999999999969   99.937958825432105
  16.899999999999970   97.981732740543649
  16.999999999999972   96.226160729507896
  17.099999999999973   94.810986324403316
  17.199999999999974   93.848857407876253
  17.299999999999976   93.416359441682232
  17.399999999999977   93.547919263930311
  17.499999999999979   94.233064712769519
  17.599999999999980   95.417258210472284
  17.699999999999982   97.006237954621454
  17.799999999999983   98.873521157582786
  17.899999999999984  100.870472076400489
  17.999999999999986  102.838133417936746
  18.099999999999987  104.619879339405202
  18.199999999999989  106.073882865457051
  18.299999999999990  107.084405315418465
  18.399999999999991  107.571009102272598
  18.499999999999993  107.494960564585838
  18.599999999999994  106.862313165958042
  18.699999999999996  105.723425639319970
  18.799999999999997  104.168953431792019
  18.899999999999999  102.322632531093433
  19.000000000000000  100.331430080919816
  19.100000000000001   98.353845796304981
  19.200000000000003   96.547295386304242
  19.300000000000004   95.055580263553693
  19.400000000000006   93.997440951824302
  19.500000000000007   93.457105340329662
  19.600000000000009   93.477584143744792
  19.700000000000010   94.057247249317825
  19.800000000000011   95.149953473845144
  19.900000000000013   96.668723401854422
  20.000000000000014   98.492662947076070
  20.100000000000016  100.476586521710445
  20.200000000000017  102.462573809216664
  20.300000000000018  104.292540221509256
  20.400000000000020  105.820820432169683
  20.500000000000021  106.925763336429412
  20.600000000000023  107.519415479109369
  20.700000000000024  107.554522149652215
  20.800000000000026  107.028288857082728
  20.900000000000027  105.982603771489451
  21.000000000000028  104.500703425685629
  21.100000000000030  102.700547087197208
  21.200000000000031  100.725427200567907
  21.300000000000033   98.732563308773379
  21.400000000000034   96.880587377600492
  21.500000000000036   95.316916691170618
  21.600000000000037   94.166019436123563
  21.700000000000038   93.519507033961048
  21.800000000000040   93.428841871895258
  21.900000000000041   93.901240896826593
  22.000000000000043   94.899101146370555
  22.100000000000044   96.342992944663393
  22.200000000000045   98.117982504561041
  22.300000000000047  100.082780657095626
  22.400000000000048  102.080989469325417
  22.500000000000050  103.953551519796875
  22.600000000000051  105.551410869292525
  22.700000000000053  106.747377913592501
  22.800000000000054  107.446253675970524
  22.900000000000055  107.592407645741275
  23.000000000000057  107.174205966911018
  23.100000000000058  106.224937493114680
  23.200000000000060  104.820163994866391
  23.300000000000061  103.071705442626751
  23.400000000000063  101.118739137154023
  23.500000000000064   99.116721196363855
  23.600000000000065   97.225012248343106
  23.700000000000067   95.594192325354257
  23.800000000000068   94.354074693267208
  23.900000000000070   93.603372715596095
  24.000000000000071   93.401842269763534
  24.100000000000072   93.765525179257793
  24.200000000000074   94.665472284483144
  24.300000000000075   96.030047795863638
  24.400000000000077   97.750631502693381
  24.500000000000078   99.690264941908751
  24.600000000000080  101.694553291748178
  24.700000000000081  103.603955199564453
  24.800000000000082  105.266482273495399
  24.900000000000084  106.549797358456118
  25.000000000000085  107.351748573683736
  25.100000000000087  107.608500602446128
  25.200000000000088  107.299615983253801
  25.300000000000090  106.449681931794487
  25.400000000000091  105.126353198564331
  25.500000000000092  103.434966750728478
  25.600000000000094  101.510156949534604
  25.700000000000095   99.505138655157808
  25.800000000000097   97.579511323830445
  25.900000000000098   95.886554891126195
  26.000000000000099   94.561028689088289
  26.100000000000101   93.708444603398959
  26.200000000000102   93.396668327279087
  26.300000000000104   93.650517252307822
  26.400000000000105   94.449785004052828
  26.500000000000107   95.730849869475236
  26.600000000000108   97.391739085287455
  26.700000000000109   99.300245869910754
  26.800000000000111  101.304453083289189
  26.900000000000112  103.244825831237819
  27.000000000000114  104.966910443019898
  27.100000000000115  106.333628983537594
  27.200000000000117  107.236190656965732
  27.300000000000118  107.602751554099385
  27.400000000000119  107.404133427526730
  27.500000000000121  106.656146280122954
  27.600000000000122  105.418329888821418
  27.700000000000124  103.789214438369669
  27.800000000000125  101.898477518623721
  27.900000000000126   99.896621788395308
  28.000000000000128   97.942994963810648
  28.100000000000129   96.193105740106674
  28.200000000000131   94.786245299490190
  28.300000000000132   93.834399733034317
  28.400000000000134   93.413335947828898
  28.500000000000135   93.556570621176320
  28.600000000000136   94.252702273078100
  28.700000000000138   95.446318824042876
  28.800000000000139   97.042408396613837
  28.900000000000141   98.913922260814346
  29.000000000000142  100.911887913054045
  29.100000000000144  102.877267287414625
  29.200000000000145  104.653616185697032
  29.300000000000146  106.099537235597964
  29.400000000000148  107.099935121545286
  29.500000000000149  107.575178171817612
  29.600000000000151  107.487437039613269
  29.700000000000152  106.843695919055705
  29.800000000000153  105.695196603341302
  29.900000000000155  104.133359638000954
  30.000000000000156  102.282507245475742
