0.000000 0.000000 0.000000
0.050000 0.000000 0.000000
0.100000 0.000000 0.000000
0.150000 0.000000 0.000000
0.200000 0.000000 0.000000
0.250000 0.000000 0.000000
0.300000 0.000000 0.000000
0.350000 0.000000 0.000000
0.400000 0.000000 0.000000
0.450000 0.000000 0.000000
0.500000 0.000000 0.000000
0.550000 0.000000 0.000000
0.600000 0.000000 0.000000
0.650000 0.000000 0.000000
0.700000 0.000000 0.000000
0.750000 0.000000 0.000000
0.800000 0.000000 0.000000
0.850000 0.000000 0.000000
0.900000 0.000000 0.000000
0.950000 0.000000 0.000000
1.000000 0.000000 0.000000
0.000000 0.050000 0.156434
0.050000 0.050000 0.133643
0.100000 0.050000 0.114142
0.150000 0.050000 0.097452
0.200000 0.050000 0.083161
0.250000 0.050000 0.070919
0.300000 0.050000 0.060424
0.350000 0.050000 0.051416
0.400000 0.050000 0.043676
0.450000 0.050000 0.037011
0.500000 0.050000 0.031257
0.550000 0.050000 0.026274
0.600000 0.050000 0.021938
0.650000 0.050000 0.018142
0.700000 0.050000 0.014794
0.750000 0.050000 0.011810
0.800000 0.050000 0.009116
0.850000 0.050000 0.006648
0.900000 0.050000 0.004343
0.950000 0.050000 0.002145
1.000000 0.050000 0.000000
0.000000 0.100000 0.309017
0.050000 0.100000 0.263995
0.100000 0.100000 0.225473
0.150000 0.100000 0.192504
0.200000 0.100000 0.164275
0.250000 0.100000 0.140093
0.300000 0.100000 0.119360
0.350000 0.100000 0.101567
0.400000 0.100000 0.086276
0.450000 0.100000 0.073110
0.500000 0.100000 0.061745
0.550000 0.100000 0.051902
0.600000 0.100000 0.043336
0.650000 0.100000 0.035838
0.700000 0.100000 0.029224
0.750000 0.100000 0.023329
0.800000 0.100000 0.018009
0.850000 0.100000 0.013132
0.900000 0.100000 0.008579
0.950000 0.100000 0.004237
1.000000 0.100000 0.000000
0.000000 0.150000 0.453990
0.050000 0.150000 0.387846
0.100000 0.150000 0.331253
0.150000 0.150000 0.282816
0.200000 0.150000 0.241345
0.250000 0.150000 0.205817
0.300000 0.150000 0.175358
0.350000 0.150000 0.149218
0.400000 0.150000 0.126753
0.450000 0.150000 0.107411
0.500000 0.150000 0.090714
0.550000 0.150000 0.076252
0.600000 0.150000 0.063668
0.650000 0.150000 0.052652
0.700000 0.150000 0.042934
0.750000 0.150000 0.034274
0.800000 0.150000 0.026458
0.850000 0.150000 0.019293
0.900000 0.150000 0.012604
0.950000 0.150000 0.006226
1.000000 0.150000 0.000000
0.000000 0.200000 0.587785
0.050000 0.200000 0.502148
0.100000 0.200000 0.428876
0.150000 0.200000 0.366165
0.200000 0.200000 0.312472
0.250000 0.200000 0.266474
0.300000 0.200000 0.227038
0.350000 0.200000 0.193195
0.400000 0.200000 0.164109
0.450000 0.200000 0.139066
0.500000 0.200000 0.117449
0.550000 0.200000 0.098724
0.600000 0.200000 0.082432
0.650000 0.200000 0.068170
0.700000 0.200000 0.055588
0.750000 0.200000 0.044375
0.800000 0.200000 0.034255
0.850000 0.200000 0.024980
0.900000 0.200000 0.016319
0.950000 0.200000 0.008060
1.000000 0.200000 0.000000
0.000000 0.250000 0.707107
0.050000 0.250000 0.604085
0.100000 0.250000 0.515939
0.150000 0.250000 0.440498
0.200000 0.250000 0.375905
0.250000 0.250000 0.320569
0.300000 0.250000 0.273129
0.350000 0.250000 0.232415
0.400000 0.250000 0.197425
0.450000 0.250000 0.167298
0.500000 0.250000 0.141292
0.550000 0.250000 0.118767
0.600000 0.250000 0.099167
0.650000 0.250000 0.082010
0.700000 0.250000 0.066873
0.750000 0.250000 0.053384
0.800000 0.250000 0.041210
0.850000 0.250000 0.030051
0.900000 0.250000 0.019632
0.950000 0.250000 0.009697
1.000000 0.250000 0.000000
0.000000 0.300000 0.809017
0.050000 0.300000 0.691148
0.100000 0.300000 0.590298
0.150000 0.300000 0.503985
0.200000 0.300000 0.430083
0.250000 0.300000 0.366772
0.300000 0.300000 0.312494
0.350000 0.300000 0.265912
0.400000 0.300000 0.225880
0.450000 0.300000 0.191411
0.500000 0.300000 0.161657
0.550000 0.300000 0.135885
0.600000 0.300000 0.113460
0.650000 0.300000 0.093830
0.700000 0.300000 0.076512
0.750000 0.300000 0.061079
0.800000 0.300000 0.047150
0.850000 0.300000 0.034382
0.900000 0.300000 0.022462
0.950000 0.300000 0.011094
1.000000 0.300000 0.000000
0.000000 0.350000 0.891007
0.050000 0.350000 0.761193
0.100000 0.350000 0.650123
0.150000 0.350000 0.555062
0.200000 0.350000 0.473670
0.250000 0.350000 0.403943
0.300000 0.350000 0.344165
0.350000 0.350000 0.292862
0.400000 0.350000 0.248773
0.450000 0.350000 0.210811
0.500000 0.350000 0.178041
0.550000 0.350000 0.149657
0.600000 0.350000 0.124960
0.650000 0.350000 0.103341
0.700000 0.350000 0.084267
0.750000 0.350000 0.067269
0.800000 0.350000 0.051929
0.850000 0.350000 0.037867
0.900000 0.350000 0.024738
0.950000 0.350000 0.012219
1.000000 0.350000 0.000000
0.000000 0.400000 0.951057
0.050000 0.400000 0.812494
0.100000 0.400000 0.693939
0.150000 0.400000 0.592472
0.200000 0.400000 0.505595
0.250000 0.400000 0.431169
0.300000 0.400000 0.367361
0.350000 0.400000 0.312601
0.400000 0.400000 0.265540
0.450000 0.400000 0.225020
0.500000 0.400000 0.190042
0.550000 0.400000 0.159745
0.600000 0.400000 0.133383
0.650000 0.400000 0.110307
0.700000 0.400000 0.089947
0.750000 0.400000 0.071804
0.800000 0.400000 0.055429
0.850000 0.400000 0.040420
0.900000 0.400000 0.026406
0.950000 0.400000 0.013043
1.000000 0.400000 0.000000
0.000000 0.450000 0.987688
0.050000 0.450000 0.843789
0.100000 0.450000 0.720668
0.150000 0.450000 0.615293
0.200000 0.450000 0.525070
0.250000 0.450000 0.447777
0.300000 0.450000 0.381512
0.350000 0.450000 0.324643
0.400000 0.450000 0.275770
0.450000 0.450000 0.233688
0.500000 0.450000 0.197363
0.550000 0.450000 0.165899
0.600000 0.450000 0.138522
0.650000 0.450000 0.114556
0.700000 0.450000 0.093413
0.750000 0.450000 0.074570
0.800000 0.450000 0.057565
0.850000 0.450000 0.041977
0.900000 0.450000 0.027423
0.950000 0.450000 0.013545
1.000000 0.450000 0.000000
0.000000 0.500000 1.000000
0.050000 0.500000 0.854307
0.100000 0.500000 0.729651
0.150000 0.500000 0.622963
0.200000 0.500000 0.531616
0.250000 0.500000 0.453360
0.300000 0.500000 0.386269
0.350000 0.500000 0.328691
0.400000 0.500000 0.279209
0.450000 0.500000 0.236603
0.500000 0.500000 0.199825
0.550000 0.500000 0.167968
0.600000 0.500000 0.140249
0.650000 0.500000 0.115985
0.700000 0.500000 0.094578
0.750000 0.500000 0.075501
0.800000 0.500000 0.058283
0.850000 0.500000 0.042501
0.900000 0.500000 0.027766
0.950000 0.500000 0.013714
1.000000 0.500000 0.000000
0.000000 0.550000 0.987688
0.050000 0.550000 0.843790
0.100000 0.550000 0.720669
0.150000 0.550000 0.615294
0.200000 0.550000 0.525071
0.250000 0.550000 0.447779
0.300000 0.550000 0.381515
0.350000 0.550000 0.324646
0.400000 0.550000 0.275772
0.450000 0.550000 0.233691
0.500000 0.550000 0.197366
0.550000 0.550000 0.165902
0.600000 0.550000 0.138524
0.650000 0.550000 0.114558
0.700000 0.550000 0.093415
0.750000 0.550000 0.074572
0.800000 0.550000 0.057566
0.850000 0.550000 0.041978
0.900000 0.550000 0.027424
0.950000 0.550000 0.013545
1.000000 0.550000 0.000000
0.000000 0.600000 0.951057
0.050000 0.600000 0.812495
0.100000 0.600000 0.693941
0.150000 0.600000 0.592474
0.200000 0.600000 0.505598
0.250000 0.600000 0.431173
0.300000 0.600000 0.367366
0.350000 0.600000 0.312606
0.400000 0.600000 0.265546
0.450000 0.600000 0.225025
0.500000 0.600000 0.190047
0.550000 0.600000 0.159750
0.600000 0.600000 0.133387
0.650000 0.600000 0.110310
0.700000 0.600000 0.089951
0.750000 0.600000 0.071807
0.800000 0.600000 0.055432
0.850000 0.600000 0.040422
0.900000 0.600000 0.026407
0.950000 0.600000 0.013043
1.000000 0.600000 0.000000
0.000000 0.650000 0.891007
0.050000 0.650000 0.761194
0.100000 0.650000 0.650125
0.150000 0.650000 0.555066
0.200000 0.650000 0.473675
0.250000 0.650000 0.403949
0.300000 0.650000 0.344171
0.350000 0.650000 0.292869
0.400000 0.650000 0.248780
0.450000 0.650000 0.210818
0.500000 0.650000 0.178048
0.550000 0.650000 0.149664
0.600000 0.650000 0.124966
0.650000 0.650000 0.103346
0.700000 0.650000 0.084272
0.750000 0.650000 0.067274
0.800000 0.650000 0.051932
0.850000 0.650000 0.037870
0.900000 0.650000 0.024740
0.950000 0.650000 0.012220
1.000000 0.650000 0.000000
0.000000 0.700000 0.809017
0.050000 0.700000 0.691150
0.100000 0.700000 0.590302
0.150000 0.700000 0.503990
0.200000 0.700000 0.430089
0.250000 0.700000 0.366779
0.300000 0.700000 0.312502
0.350000 0.700000 0.265921
0.400000 0.700000 0.225888
0.450000 0.700000 0.191420
0.500000 0.700000 0.161665
0.550000 0.700000 0.135893
0.600000 0.700000 0.113468
0.650000 0.700000 0.093837
0.700000 0.700000 0.076518
0.750000 0.700000 0.061084
0.800000 0.700000 0.047154
0.850000 0.700000 0.034385
0.900000 0.700000 0.022464
0.950000 0.700000 0.011095
1.000000 0.700000 0.000000
0.000000 0.750000 0.707107
0.050000 0.750000 0.604087
0.100000 0.750000 0.515943
0.150000 0.750000 0.440504
0.200000 0.750000 0.375912
0.250000 0.750000 0.320577
0.300000 0.750000 0.273137
0.350000 0.750000 0.232424
0.400000 0.750000 0.197435
0.450000 0.750000 0.167308
0.500000 0.750000 0.141301
0.550000 0.750000 0.118776
0.600000 0.750000 0.099175
0.650000 0.750000 0.082017
0.700000 0.750000 0.066880
0.750000 0.750000 0.053389
0.800000 0.750000 0.041214
0.850000 0.750000 0.030054
0.900000 0.750000 0.019634
0.950000 0.750000 0.009698
1.000000 0.750000 0.000000
0.000000 0.800000 0.587785
0.050000 0.800000 0.502150
0.100000 0.800000 0.428880
0.150000 0.800000 0.366171
0.200000 0.800000 0.312479
0.250000 0.800000 0.266482
0.300000 0.800000 0.227047
0.350000 0.800000 0.193204
0.400000 0.800000 0.164119
0.450000 0.800000 0.139076
0.500000 0.800000 0.117458
0.550000 0.800000 0.098733
0.600000 0.800000 0.082440
0.650000 0.800000 0.068178
0.700000 0.800000 0.055594
0.750000 0.800000 0.044381
0.800000 0.800000 0.034260
0.850000 0.800000 0.024983
0.900000 0.800000 0.016321
0.950000 0.800000 0.008061
1.000000 0.800000 0.000000
0.000000 0.850000 0.453990
0.050000 0.850000 0.387848
0.100000 0.850000 0.331256
0.150000 0.850000 0.282821
0.200000 0.850000 0.241351
0.250000 0.850000 0.205824
0.300000 0.850000 0.175366
0.350000 0.850000 0.149226
0.400000 0.850000 0.126762
0.450000 0.850000 0.107419
0.500000 0.850000 0.090722
0.550000 0.850000 0.076259
0.600000 0.850000 0.063675
0.650000 0.850000 0.052659
0.700000 0.850000 0.042940
0.750000 0.850000 0.034279
0.800000 0.850000 0.026462
0.850000 0.850000 0.019296
0.900000 0.850000 0.012606
0.950000 0.850000 0.006226
1.000000 0.850000 0.000000
0.000000 0.900000 0.309017
0.050000 0.900000 0.263996
0.100000 0.900000 0.225476
0.150000 0.900000 0.192508
0.200000 0.900000 0.164280
0.250000 0.900000 0.140098
0.300000 0.900000 0.119366
0.350000 0.900000 0.101574
0.400000 0.900000 0.086283
0.450000 0.900000 0.073117
0.500000 0.900000 0.061752
0.550000 0.900000 0.051908
0.600000 0.900000 0.043342
0.650000 0.900000 0.035844
0.700000 0.900000 0.029228
0.750000 0.900000 0.023333
0.800000 0.900000 0.018012
0.850000 0.900000 0.013134
0.900000 0.900000 0.008581
0.950000 0.900000 0.004238
1.000000 0.900000 0.000000
0.000000 0.950000 0.156434
0.050000 0.950000 0.133643
0.100000 0.950000 0.114143
0.150000 0.950000 0.097454
0.200000 0.950000 0.083164
0.250000 0.950000 0.070922
0.300000 0.950000 0.060427
0.350000 0.950000 0.051420
0.400000 0.950000 0.043679
0.450000 0.950000 0.037014
0.500000 0.950000 0.031261
0.550000 0.950000 0.026277
0.600000 0.950000 0.021941
0.650000 0.950000 0.018145
0.700000 0.950000 0.014796
0.750000 0.950000 0.011812
0.800000 0.950000 0.009118
0.850000 0.950000 0.006649
0.900000 0.950000 0.004344
0.950000 0.950000 0.002146
1.000000 0.950000 0.000000
0.000000 1.000000 0.000000
0.050000 1.000000 0.000000
0.100000 1.000000 0.000000
0.150000 1.000000 0.000000
0.200000 1.000000 0.000000
0.250000 1.000000 0.000000
0.300000 1.000000 0.000000
0.350000 1.000000 0.000000
0.400000 1.000000 0.000000
0.450000 1.000000 0.000000
0.500000 1.000000 0.000000
0.550000 1.000000 0.000000
0.600000 1.000000 0.000000
0.650000 1.000000 0.000000
0.700000 1.000000 0.000000
0.750000 1.000000 0.000000
0.800000 1.000000 0.000000
0.850000 1.000000 0.000000
0.900000 1.000000 0.000000
0.950000 1.000000 0.000000
1.000000 1.000000 0.000000
